T/R 	1         	2         	3         	4         	5         	6         	7         	8         	9         	10        	11        	12        	13        	14        	15        	16        	17        	18        	19        	20        	21        	22        	23        	24        	25
0   	  577.0929401000	 5589.1851810000	7.87674082800E+5	 9646.8617450000	1.28634503100E+5	16248.6536900000	77127.0595800000	4.13615375900E+5	1.41563731100E+6	2.97549040300E+6	7.91141024600E+6	3.11951500100E+5	4.91859804100E+5	5.48889538300E+5	1.19367249300E+6	1.41661797700E+6	6.05514367900E+6	6.74644201500E+6	84410.4902500000	2.44820052600E+6	7.38590341600E+6	8.45649923900E+6	5.22554843200E+6	8.60690504900E+5	2.31193732600E+6
1   	  577.0928895671	 5589.1851282913	7.87674082772E+5	 9646.8617672403	1.28634503137E+5	16248.6536837289	77127.0595835561	4.13615375918E+5	1.41563731105E+6	2.97549040309E+6	7.91141024603E+6	3.11951500103E+5	4.91859804137E+5	5.48889538337E+5	1.19367249317E+6	1.41661797709E+6	6.05514367907E+6	6.74644201511E+6	84410.4904762710	2.44820052631E+6	1.59750147784E+7	8.45649924034E+6	5.22554843213E+6	8.60690505029E+5	2.31193732661E+6
2   	  577.0928092747	 5589.1850477538	7.87674082736E+5	 9646.8617806375	1.28634503170E+5	16248.6536687863	77127.0595814949	4.13615375935E+5	1.41563731110E+6	2.97549040321E+6	7.91141024608E+6	3.11951500107E+5	4.91859804172E+5	5.48889538373E+5	1.19367249349E+6	1.41661797719E+6	6.05514367917E+6	6.74644201529E+6	84410.4907765052	2.44820052708E+6	2.12186961458E+7	9.57014124473E+6	5.22554843235E+6	1.57716040248E+6	3.45832562962E+6
3   	  577.0926975111	 5589.1849424859	7.87674082692E+5	 9646.8617933372	1.28634503203E+5	16248.6536488876	77127.0595777554	4.13615375952E+5	1.41563731116E+6	2.97549040336E+6	7.91141024612E+6	3.11951500110E+5	4.91859804210E+5	5.48889538411E+5	1.19367249396E+6	1.41661797731E+6	6.05514367930E+6	6.74644201555E+6	84410.4912490458	2.44820052908E+6	2.12186961473E+7	1.75156142479E+7	5.22554843275E+6	1.57716040432E+6	3.45832564661E+6
4   	  577.0925297564	 5589.1847977832	7.87674082636E+5	 9646.8618073364	1.28634503240E+5	16248.6536244973	77127.0595725845	4.13615375969E+5	1.41563731123E+6	2.97549040358E+6	7.91141024618E+6	3.11951500113E+5	4.91859804249E+5	5.48889538451E+5	1.19367249684E+6	1.41661797747E+6	6.05514367947E+6	6.74644201615E+6	84410.4929337973	6.85806320599E+6	2.12186961479E+7	2.07709665540E+7	5.22554843383E+6	1.57716040545E+6	3.45832565471E+6
5   	  577.0922891600	 5589.1846066782	7.87674082568E+5	 9646.8618226216	1.28634503278E+5	16248.6535960057	77127.0595660794	4.13615375986E+5	1.41563731130E+6	2.97549040389E+6	7.91141024625E+6	3.11951500116E+5	4.91859804291E+5	5.48889538494E+5	2.85152661082E+6	1.41661797767E+6	6.05514367969E+6	6.74644201911E+6	4.37791350321E+6	8.34653062388E+6	2.12186961483E+7	2.07709665565E+7	5.22554843767E+6	1.57716040598E+6	3.45832565553E+6
6   	  577.0919895572	 5589.1843809888	7.87674082491E+5	 9646.8618391192	1.28634503317E+5	16248.6535641257	77127.0595583505	4.13615376003E+5	1.41563731138E+6	2.97549040427E+6	7.91141024633E+6	3.11951500119E+5	4.91859804334E+5	5.48889538538E+5	1.01238642474E+7	1.41661797790E+6	6.05514367996E+6	6.74644202372E+6	4.37791351243E+6	8.34653062614E+6	2.12186961485E+7	2.07709665571E+7	5.22554844366E+6	1.57716040621E+6	3.45832565584E+6
7   	  577.0916013470	 5589.1841045847	7.87674082402E+5	 9646.8618566212	1.28634503357E+5	16248.6535285728	77127.0595492449	4.13615376020E+5	1.41563731147E+6	2.97549040481E+6	7.91141024641E+6	3.11951500122E+5	4.91859804379E+5	5.48889538584E+5	1.72253315312E+7	1.41661797818E+6	6.05514368031E+6	6.74644203170E+6	4.37791351566E+6	8.34653062722E+6	2.12186961486E+7	2.07709665574E+7	5.22554845402E+6	1.57716040637E+6	3.45832565605E+6
8   	  577.0910661772	 5589.1837457589	7.87674082297E+5	 9646.8618750568	1.28634503398E+5	16248.6534889452	77127.0595386185	4.13615376038E+5	1.41563731156E+6	2.97549040571E+6	7.91141024651E+6	3.11951500125E+5	4.91859804427E+5	5.48889538633E+5	2.41524766293E+7	1.41661797854E+6	6.05514368080E+6	6.74644205009E+6	4.37791351757E+6	8.34653062793E+6	2.12186961487E+7	2.07709665577E+7	5.22554847830E+6	1.57716040649E+6	3.45832565623E+6
9   	  577.0902427974	 5589.1832247719	7.87674082169E+5	 9646.8618944520	1.28634503442E+5	16248.6534446959	77127.0595263160	4.13615376057E+5	1.41563731166E+6	2.97549040765E+6	7.91141024662E+6	3.11951500128E+5	4.91859804479E+5	5.48889538685E+5	2.75054503436E+7	1.41661797910E+6	6.05514368163E+6	6.74644224092E+6	4.37791351893E+6	8.34653062844E+6	2.12186961488E+7	2.07709665579E+7	8.62187600913E+6	1.57716040660E+6	3.45832565638E+6
10  	  577.0887906875	 5589.1823290411	7.87674082013E+5	 9646.8619145794	1.28634503488E+5	16248.6533954013	77127.0595121467	4.13615376076E+5	1.41563731178E+6	2.97549040809E+6	7.91141024676E+6	3.11951500131E+5	4.91859804535E+5	5.48889538741E+5	2.75054503741E+7	1.41661797989E+6	6.05514368252E+6	6.74644284497E+6	4.37791351999E+6	8.34653062882E+6	2.12186961489E+7	2.07709665580E+7	1.51977831112E+7	1.57716040670E+6	3.45832565650E+6
11  	  577.0841890041	 5589.1786208931	7.87674081817E+5	 9646.8619358867	1.28634503536E+5	16248.6533402383	77127.0594959355	4.13615376096E+5	1.41563731191E+6	4.98278280926E+6	7.91141024692E+6	3.11951500134E+5	4.91859804595E+5	5.48889538801E+5	2.75054503802E+7	1.41661798126E+6	6.05514368577E+6	9.82845542562E+6	4.37791352094E+6	8.34653062915E+6	2.12186961490E+7	2.07709665582E+7	1.65074893666E+7	1.57716040678E+6	3.45832565661E+6
12  	  577.0783774315	 5589.1730904063	7.87674081592E+5	 9646.8619578542	1.28634503587E+5	16248.6532802128	77127.0594778914	4.13615376117E+5	1.41563731205E+6	1.12456587802E+7	7.91141024711E+6	3.11951500137E+5	4.91859804659E+5	5.48889538865E+5	2.75054503822E+7	1.41661798291E+6	6.05514369033E+6	9.82845542887E+6	4.37791352151E+6	8.34653062939E+6	2.12186961491E+7	2.07709665583E+7	1.65074893702E+7	1.57716040686E+6	3.45832565671E+6
13  	  577.0707538898	 5589.1632336076	7.87674081331E+5	 9646.8619806061	1.28634503640E+5	16248.6532147083	77127.0594578685	4.13615376139E+5	1.41563731220E+6	1.73696493714E+7	7.91141024733E+6	3.11951500140E+5	4.91859804727E+5	5.48889538934E+5	2.75054503832E+7	1.41661798493E+6	6.05514369905E+6	9.82845543014E+6	4.37791352194E+6	8.34653062959E+6	2.12186961491E+7	2.07709665584E+7	1.65074893720E+7	1.57716040693E+6	3.45832565679E+6
14  	  577.0595117003	 5589.1381807796	7.87674081023E+5	 9646.8620042566	1.28634503696E+5	16248.6531429129	77127.0594356940	4.13615376162E+5	1.41563731237E+6	2.33519488884E+7	7.91141024759E+6	3.11951500144E+5	4.91859804801E+5	5.48889539007E+5	2.75054503840E+7	1.41661798761E+6	6.05514371938E+6	9.82845543092E+6	4.37791352228E+6	8.34653062975E+6	2.12186961492E+7	2.07709665585E+7	1.65074893730E+7	1.57716040699E+6	3.45832565687E+6
15  	    0.0662275481	    0.1764495757	7.87674080652E+5	 9646.8620289651	1.28634503757E+5	16248.6530637821	77127.0594111653	4.13615376186E+5	1.41563731256E+6	2.58834334270E+7	7.91141024789E+6	3.11951500147E+5	4.91859804881E+5	5.48889539087E+5	2.75054503845E+7	1.41661799188E+6	9.35523940483E+6	9.82845543152E+6	4.37791352257E+6	8.34653062990E+6	2.12186961492E+7	2.07709665586E+7	1.65074893738E+7	1.57716040704E+6	3.45832565693E+6
16  	    0.0652508811	    0.1118624969	7.87674080215E+5	 9646.8620548117	1.28634503821E+5	16248.6529767570	77127.0593841870	4.13615376211E+5	1.41563731277E+6	2.58834334496E+7	7.91141024826E+6	3.11951500151E+5	4.91859804966E+5	5.48889539173E+5	2.75054503850E+7	1.41661799828E+6	1.50546674996E+7	9.82845543198E+6	4.37791352282E+6	8.34653063003E+6	2.12186961493E+7	2.07709665587E+7	1.65074893744E+7	1.57716040709E+6	3.45832565699E+6
17  	    0.0528499185	    0.0721196227	7.87674079690E+5	 9646.8620820158	1.28634503891E+5	16248.6528803326	77127.0593545033	4.13615376237E+5	1.41563731302E+6	2.58834334600E+7	7.91141024870E+6	3.11951500155E+5	4.91859805059E+5	5.48889539266E+5	2.75054503854E+7	1.41661800982E+6	2.06129834118E+7	9.82845543237E+6	4.37791352304E+6	8.34653063014E+6	2.12186961493E+7	2.07709665587E+7	1.65074893749E+7	1.57716040714E+6	3.45832565704E+6
18  	    0.0414766589	    0.0453641211	7.87674079044E+5	 9646.8621108355	1.28634503968E+5	16248.6527725067	77127.0593217959	4.13615376265E+5	1.41563731330E+6	2.58834334671E+7	7.91141024926E+6	3.11951500159E+5	4.91859805161E+5	5.48889539369E+5	2.75054503857E+7	1.41661804812E+6	2.60273364557E+7	9.82845543271E+6	4.37791352323E+6	8.34653063024E+6	2.12186961493E+7	2.07709665588E+7	1.65074893754E+7	1.57716040718E+6	3.45832565709E+6
19  	    0.0301445318	    0.0244561592	7.87674078229E+5	 9646.8621415317	1.28634504052E+5	16248.6526505663	77127.0592856820	4.13615376295E+5	1.41563731364E+6	2.58834334724E+7	7.91141024996E+6	3.11951500163E+5	4.91859805273E+5	5.48889539483E+5	2.75054503860E+7	5.18103262017E+6	2.75304038721E+7	9.82845543302E+6	4.37791352341E+6	8.34653063034E+6	2.12186961494E+7	2.07709665589E+7	1.65074893757E+7	1.57716040722E+6	3.45832565714E+6
20  	    0.0225745659	    0.0178801645	7.87674077238E+5	 9646.8621743085	1.28634504147E+5	16248.6525125255	77127.0592459339	4.13615376326E+5	1.41563731407E+6	2.58834334757E+7	7.91141025081E+6	3.11951500168E+5	4.91859805396E+5	5.48889539610E+5	2.75054503863E+7	1.03077071750E+7	2.75304038997E+7	9.82845543329E+6	4.37791352357E+6	8.34653063043E+6	2.12186961494E+7	2.07709665589E+7	1.65074893760E+7	1.57716040726E+6	3.45832565718E+6
21  	    0.0173791925	    0.0140673028	7.87674076023E+5	 9646.8622095741	1.28634504254E+5	16248.6523539184	77127.0592020357	4.13615376358E+5	1.41563731474E+6	2.58834334781E+7	7.91141025184E+6	3.11951500174E+5	4.91859805535E+5	5.48889539753E+5	2.75054503865E+7	1.52907298258E+7	2.75304039124E+7	9.82845543354E+6	4.37791352371E+6	8.34653063051E+6	2.12186961494E+7	2.07709665590E+7	1.65074893763E+7	1.57716040729E+6	3.45832565722E+6
22  	    0.0134923855	    0.0113132749	7.87674074545E+5	 9646.8622478078	1.28634504380E+5	16248.6521680979	77127.0591533253	4.13615376393E+5	1.41563731609E+6	2.58834334800E+7	7.91141025302E+6	3.11951500180E+5	4.91859805697E+5	5.48889539920E+5	2.75054503867E+7	2.01271985978E+7	2.75304039202E+7	9.82845543377E+6	4.37791352385E+6	8.34653063059E+6	2.12186961495E+7	2.07709665590E+7	1.65074893766E+7	1.57716040733E+6	3.45832565725E+6
23  	    0.0103249782	    0.0090597850	7.87674072961E+5	 9646.8622891887	1.28634504526E+5	16248.6519446350	77127.0590989366	4.13615376430E+5	1.41563731867E+6	2.58834334816E+7	7.91141025517E+6	3.11951500187E+5	4.91859805896E+5	5.48889540118E+5	2.75054503869E+7	2.48141529005E+7	2.75304039260E+7	9.82845543398E+6	4.37791352398E+6	8.34653063066E+6	2.12186961495E+7	2.07709665591E+7	1.65074893768E+7	1.57716040736E+6	3.45832565729E+6
24  	    0.0075289169	    0.0070253513	    0.0157543676	 9646.8623336248	1.28634504693E+5	16248.6516650964	77127.0590377370	4.13615376468E+5	1.41563732725E+6	2.58834334829E+7	8.39161186037E+6	3.11951500194E+5	4.91859806141E+5	5.48889540348E+5	2.75054503871E+7	2.80806966771E+7	2.75304039307E+7	9.82845543418E+6	4.37791352410E+6	8.34653063073E+6	2.12186961495E+7	2.07709665591E+7	1.65074893770E+7	1.57716040739E+6	3.45832565732E+6
25  	    0.0061704625	    0.0060777612	    0.0156507273	 9646.8623808094	1.28634504879E+5	16248.6513408787	77127.0589709699	4.13615376509E+5	1.41563734438E+6	2.58834334837E+7	1.28129141826E+7	3.11951500202E+5	4.91859806427E+5	5.48889540607E+5	2.75054503873E+7	2.80806966802E+7	2.75304039322E+7	9.82845543435E+6	4.37791352420E+6	8.34653063079E+6	2.12186961495E+7	2.07709665591E+7	1.65074893772E+7	1.57716040742E+6	3.45832565735E+6
26  	    0.0052539907	    0.0054073668	    0.0146673699	 9646.8624317233	1.28634505096E+5	16248.6509546863	77127.0588978706	4.13615376551E+5	1.41563739229E+6	2.58834334843E+7	1.71188142482E+7	3.11951500210E+5	4.91859806782E+5	5.48889540928E+5	2.75054503874E+7	2.80806966816E+7	2.75304039331E+7	9.82845543451E+6	4.37791352430E+6	8.34653063085E+6	2.12186961495E+7	2.07709665592E+7	1.65074893774E+7	1.57716040744E+6	3.45832565737E+6
27  	    0.0045709125	    0.0048738701	    0.0127336402	 9646.8624870084	1.28634505354E+5	16248.6504789027	77127.0588176191	4.13615376596E+5	3.74130822972E+6	2.58834334848E+7	1.89813100170E+7	3.11951500219E+5	4.91859807263E+5	5.48889541378E+5	2.75054503876E+7	2.80806966826E+7	2.75304039338E+7	9.82845543466E+6	4.37791352439E+6	8.34653063090E+6	2.12186961496E+7	2.07709665592E+7	1.65074893775E+7	1.57716040747E+6	3.45832565740E+6
28  	    0.0040675982	    0.0044515382	    0.0110296287	 9646.8625468879	1.28634505654E+5	16248.6499053281	77127.0587303418	4.13615376643E+5	7.82257026935E+6	2.58834334852E+7	1.89813100400E+7	3.11951500229E+5	4.91859807948E+5	5.48889542119E+5	2.75054503877E+7	2.80806966832E+7	2.75304039343E+7	9.82845543479E+6	4.37791352447E+6	8.34653063095E+6	2.12186961496E+7	2.07709665593E+7	1.65074893777E+7	1.57716040749E+6	3.45832565742E+6
29  	    0.0036700200	    0.0040991697	    0.0095578993	 9646.8626122483	1.28634506001E+5	16248.6491837852	77127.0586349159	4.13615376694E+5	1.17947681627E+7	2.58834334855E+7	1.89813100499E+7	3.11951500239E+5	4.91859808958E+5	5.48889543474E+5	2.75054503878E+7	2.80806966838E+7	2.75304039347E+7	9.82845543491E+6	4.37791352455E+6	8.34653063100E+6	2.12186961496E+7	2.07709665593E+7	1.65074893778E+7	1.57716040751E+6	3.45832565745E+6
30  	    0.0033406289	    0.0037951306	    0.0082966004	 9646.8626830009	1.28634506388E+5	16248.6482217498	77127.0585299378	4.13615376747E+5	1.56556986579E+7	2.58834334858E+7	1.89813100558E+7	3.11951500250E+5	4.91859810377E+5	5.48889545722E+5	2.75054503879E+7	2.80806966842E+7	2.75304039351E+7	9.82845543502E+6	4.37791352462E+6	8.34653063104E+6	2.12186961496E+7	2.07709665593E+7	1.65074893779E+7	1.57716040753E+6	3.45832565747E+6
31  	    0.0030589182	    0.0035268350	    0.0072060758	 9646.8627584037	1.28634506830E+5	16248.6468362526	77127.0584137884	4.13615376804E+5	1.94031140003E+7	2.58834334860E+7	1.89813100607E+7	3.11951500260E+5	4.91859812424E+5	5.48889549419E+5	2.75054503880E+7	2.80806966846E+7	2.75304039354E+7	9.82845543512E+6	4.37791352469E+6	8.34653063108E+6	2.12186961496E+7	2.07709665593E+7	1.65074893780E+7	1.57716040755E+6	3.45832565748E+6
32  	    0.0028118330	    0.0032855361	    0.0062490431	 9646.8628394164	1.28634507428E+5	16248.6446922440	77127.0582843395	4.13615376862E+5	2.30347210255E+7	2.58834334863E+7	1.89813100651E+7	3.11951500272E+5	4.91859816583E+5	5.48889558258E+5	2.75054503881E+7	2.80806966850E+7	2.75304039357E+7	9.82845543522E+6	4.37791352475E+6	8.34653063111E+6	2.12186961496E+7	2.07709665594E+7	1.65074893781E+7	1.57716040756E+6	3.45832565750E+6
33  	    0.0025898804	    0.0030642311	    0.0053974269	 9646.8629297922	1.28634508422E+5	    0.0359740115	77127.0581383652	4.13615376924E+5	2.64941239397E+7	2.58834334865E+7	1.89813100689E+7	3.11951500283E+5	4.91859839602E+5	5.86697260035E+5	2.75054503882E+7	2.80806966853E+7	2.75304039360E+7	9.82845543531E+6	4.37791352481E+6	8.34653063115E+6	2.12186961496E+7	2.07709665594E+7	1.65074893782E+7	1.57716040757E+6	3.45832565752E+6
34  	    0.0024089295	    0.0028788083	    0.0048344480	 9646.8630260251	1.28634509593E+5	    0.0358775830	77127.0579851870	4.13615376990E+5	2.64941239456E+7	2.58834334867E+7	1.89813100705E+7	3.11951500295E+5	4.91859869587E+5	4.03350926100E+6	2.75054503883E+7	2.80806966856E+7	2.75304039362E+7	9.82845543539E+6	4.37791352487E+6	8.34653063118E+6	2.12186961496E+7	2.07709665594E+7	1.65074893783E+7	1.57716040758E+6	3.45832565753E+6
35  	    0.0022556645	    0.0027179533	    0.0044343347	 9646.8631271628	1.28634510843E+5	    0.0335841291	77127.0578240001	4.13615377062E+5	2.64941239478E+7	2.58834334868E+7	1.89813100714E+7	3.11951500307E+5	4.91859904695E+5	7.41232769554E+6	2.75054503883E+7	2.80806966858E+7	2.75304039364E+7	9.82845543547E+6	4.37791352492E+6	8.34653063121E+6	2.12186961496E+7	2.07709665594E+7	1.65074893783E+7	1.57716040759E+6	3.45832565754E+6
36  	    0.0021224569	    0.0025750133	    0.0041252717	 9646.8632336143	1.28634512162E+5	    0.0311590994	77127.0576537652	4.13615377140E+5	2.64941239491E+7	2.58834334870E+7	1.89813100721E+7	3.11951500319E+5	4.91859945183E+5	1.07217790012E+7	2.75054503884E+7	2.80806966861E+7	2.75304039366E+7	9.82845543554E+6	4.37791352496E+6	8.34653063123E+6	2.12186961496E+7	2.07709665594E+7	1.65074893784E+7	1.57716040760E+6	3.45832565755E+6
37  	    0.0020045830	    0.0024457908	    0.0038723009	 9646.8633455789	1.28634513555E+5	    0.0288796294	77127.0574733777	4.13615377224E+5	2.64941239501E+7	2.58834334871E+7	1.89813100726E+7	3.11951500332E+5	4.91859991894E+5	1.39604618679E+7	2.75054503885E+7	2.80806966863E+7	2.75304039367E+7	9.82845543560E+6	4.37791352501E+6	8.34653063126E+6	2.12186961496E+7	2.07709665594E+7	1.65074893785E+7	1.57716040760E+6	3.45832565755E+6
38  	    0.0018989687	    0.0023275233	    0.0036564926	 9646.8634630607	1.28634515036E+5	    0.0267980320	77127.0572816496	4.13615377316E+5	2.64941239509E+7	2.58834334873E+7	1.89813100731E+7	3.11951500346E+5	4.91860047331E+5	1.71269466755E+7	2.75054503885E+7	2.80806966865E+7	2.75304039369E+7	9.82845543566E+6	4.37791352505E+6	8.34653063128E+6	2.12186961496E+7	2.07709665594E+7	1.65074893785E+7	1.57716040760E+6	3.45832565756E+6
39  	    0.0018035364	    0.0022183387	    0.0034668551	 9646.8635860134	1.28634516635E+5	    0.0249092900	77127.0570773075	4.13615377414E+5	2.64941239516E+7	2.58834334874E+7	1.89813100735E+7	3.11951500360E+5	4.91860117804E+5	2.02197749204E+7	2.75054503886E+7	2.80806966866E+7	2.75304039371E+7	9.82845543572E+6	4.37791352508E+6	8.34653063130E+6	2.12186961496E+7	2.07709665594E+7	1.65074893786E+7	1.57716040761E+6	3.45832565756E+6
40  	    0.0017168310	    0.0021169393	    0.0032966164	 9646.8637144503	1.28634518407E+5	    0.0231929374	77127.0568589737	4.13615377517E+5	2.64941239522E+7	2.58834334875E+7	1.89813100739E+7	3.11951500376E+5	4.91860221110E+5	2.32374586236E+7	2.75054503886E+7	2.80806966868E+7	2.75304039372E+7	9.82845543577E+6	4.37791352512E+6	8.34653063131E+6	2.12186961496E+7	2.07709665594E+7	1.65074893786E+7	1.57716040761E+6	3.45832565756E+6
41  	    0.0016377869	    0.0020224005	    0.0031413962	 9646.8638485346	1.28634520434E+5	    0.0216260361	77127.0566251305	4.13615377626E+5	2.64941239527E+7	2.58834334876E+7	1.89813100743E+7	3.11951500392E+5	4.91860425018E+5	2.61784796974E+7	2.75054503887E+7	2.80806966870E+7	2.75304039373E+7	9.82845543582E+6	4.37791352515E+6	8.34653063133E+6	2.12186961496E+7	2.07709665594E+7	1.65074893787E+7	1.57716040761E+6	3.45832565756E+6
42  	    0.0015655775	    0.0019340387	    0.0029982442	 9646.8639886753	1.28634522833E+5	    0.0201873772	77127.0563740412	4.13615377738E+5	2.64941239531E+7	2.58834334877E+7	1.89813100746E+7	3.11951500411E+5	1.15398648455E+6	2.83791637010E+7	2.75054503887E+7	2.80806966871E+7	2.75304039374E+7	9.82845543586E+6	4.37791352517E+6	8.34653063134E+6	2.12186961496E+7	2.07709665594E+7	1.65074893787E+7	1.57716040760E+6	3.45832565756E+6
43  	    0.0014996534	    0.0018514744	    0.0028654299	 9646.8641353804	1.28634525721E+5	    0.0188812949	77127.0561047855	4.13615377854E+5	2.64941239535E+7	2.58834334878E+7	1.89813100749E+7	3.11951500430E+5	3.93887184224E+6	2.83791639518E+7	2.75054503888E+7	2.80806966872E+7	2.75304039375E+7	9.82845543590E+6	4.37791352520E+6	8.34653063135E+6	2.12186961496E+7	2.07709665595E+7	1.65074893788E+7	1.57716040760E+6	3.45832565756E+6
44  	    0.0014393916	    0.0017742442	    0.0027413831	 9646.8642897390	1.28634529300E+5	    0.0176868526	77127.0558151865	4.13615377973E+5	2.64941239539E+7	2.58834334879E+7	1.89813100751E+7	3.11951500452E+5	6.64425869346E+6	2.83791640764E+7	2.75054503888E+7	2.80806966873E+7	2.75304039377E+7	9.82845543594E+6	4.37791352522E+6	8.34653063135E+6	2.12186961496E+7	2.07709665594E+7	1.65074893788E+7	1.57716040760E+6	3.45832565756E+6
45  	    0.0013842315	    0.0017019448	    0.0026249387	 9646.8644531562	1.28634533879E+5	    0.0165853449	77127.0555025964	4.13615378099E+5	2.64941239542E+7	2.58834334880E+7	1.89813100754E+7	3.11951500476E+5	9.26854097341E+6	2.83791641603E+7	2.75054503888E+7	2.80806966875E+7	2.75304039377E+7	9.82845543597E+6	4.37791352523E+6	8.34653063136E+6	2.12186961496E+7	2.07709665594E+7	1.65074893789E+7	1.57716040759E+6	3.45832565755E+6
46  	    0.0013336542	    0.0016342154	    0.0025152204	 9646.8646272492	1.28634539955E+5	    0.0155609198	77127.0551636911	4.13615378233E+5	2.64941239545E+7	2.58834334881E+7	1.89813100756E+7	3.11951500502E+5	1.18100802391E+7	2.83791642243E+7	2.75054503889E+7	2.80806966876E+7	2.75304039378E+7	9.82845543600E+6	4.37791352525E+6	8.34653063136E+6	2.12186961496E+7	2.07709665594E+7	1.65074893789E+7	1.57716040759E+6	3.45832565755E+6
47  	    0.0012871786	    0.0015707343	    0.0024115705	 9646.8648137229	1.28634548364E+5	    0.0145999726	77127.0547942535	4.13615378380E+5	2.64941239548E+7	2.58834334881E+7	1.89813100758E+7	3.11951500530E+5	1.42672049617E+7	2.83791642760E+7	2.75054503889E+7	2.80806966877E+7	2.75304039379E+7	9.82845543602E+6	4.37791352526E+6	8.34653063136E+6	2.12186961496E+7	2.07709665594E+7	1.65074893789E+7	1.57716040758E+6	3.45832565754E+6
48  	    0.0012443726	    0.0015112295	    0.0023135113	 9646.8650143427	1.28634560430E+5	    0.0136907300	77127.0543888953	4.13615378544E+5	2.64941239551E+7	2.58834334882E+7	1.89813100760E+7	3.11951500561E+5	1.66382098492E+7	2.83791643191E+7	2.75054503889E+7	2.80806966877E+7	2.75304039380E+7	9.82845543604E+6	4.37791352527E+6	8.34653063136E+6	2.12186961496E+7	2.07709665594E+7	1.65074893789E+7	1.57716040758E+6	3.45832565754E+6
49  	    0.0012048776	    0.0014554996	    0.0022207435	 9646.8652311153	1.28634577690E+5	    0.0128230638	77127.0539406847	4.13615378727E+5	2.64941239553E+7	2.58834334883E+7	1.89813100762E+7	3.11951500595E+5	1.89213551618E+7	2.83791643555E+7	2.75054503889E+7	2.80806966878E+7	2.75304039381E+7	9.82845543606E+6	4.37791352528E+6	8.34653063136E+6	2.12186961495E+7	2.07709665594E+7	1.65074893790E+7	1.57716040757E+6	3.45832565753E+6
50  	    0.0011684336	    0.0014034313	    0.0021331353	 9646.8654671186	1.28634601595E+5	    0.0119884240	77127.0534405975	4.13615378928E+5	2.64941239556E+7	2.58834334883E+7	1.89813100764E+7	3.11951500633E+5	2.11148660148E+7	2.83791643875E+7	2.75054503890E+7	2.80806966879E+7	2.75304039381E+7	9.82845543608E+6	4.37791352528E+6	8.34653063136E+6	2.12186961495E+7	2.07709665594E+7	1.65074893790E+7	1.57716040756E+6	3.45832565752E+6
51  	    0.0011348840	    0.0013549894	    0.0020504969	 9646.8657306609	1.28634660053E+5	    0.0111794497	77127.0528769239	4.13615379142E+5	2.64941239558E+7	2.58834334884E+7	1.89813100765E+7	3.11951500676E+5	2.32169316412E+7	2.83791644178E+7	2.75054503890E+7	2.80806966880E+7	2.75304039382E+7	9.82845543609E+6	4.37791352529E+6	8.34653063135E+6	2.12186961495E+7	2.07709665594E+7	1.65074893790E+7	1.57716040756E+6	3.45832565752E+6
52  	    0.0011041671	    0.0013101643	    0.0019725497	 9646.8660427014	1.37060747939E+6	    0.0103891814	77127.0522320027	4.13615379358E+5	2.64941239560E+7	2.58834334884E+7	1.89813100767E+7	3.11951500725E+5	2.39837320010E+7	2.83791644454E+7	2.75054503890E+7	2.80806966881E+7	2.75304039383E+7	9.82845543610E+6	4.37791352529E+6	8.34653063135E+6	2.12186961495E+7	2.07709665594E+7	1.65074893790E+7	1.57716040755E+6	3.45832565751E+6
53  	    0.0010765937	    0.0012694757	    0.0018997938	 9646.8664486514	3.29405516469E+6	    0.0096563526	77127.0515208179	4.13615379565E+5	2.64941239563E+7	2.58834334885E+7	1.89813100769E+7	3.11951500782E+5	2.39837320414E+7	2.83791644599E+7	2.75054503890E+7	2.80806966881E+7	2.75304039383E+7	9.82845543611E+6	4.37791352529E+6	8.34653063134E+6	2.12186961495E+7	2.07709665594E+7	1.65074893790E+7	1.57716040754E+6	3.45832565750E+6
54  	    0.0010522179	    0.0012329681	    0.0018317946	 9646.8670538668	5.13045371962E+6	    0.0089681472	77127.0507294717	4.13615379759E+5	2.64941239565E+7	2.58834334885E+7	1.89813100770E+7	3.11951500848E+5	2.39837320620E+7	2.83791644697E+7	2.75054503890E+7	2.80806966882E+7	2.75304039384E+7	9.82845543611E+6	4.37791352528E+6	8.34653063133E+6	2.12186961495E+7	2.07709665594E+7	1.65074893790E+7	1.57716040753E+6	3.45832565749E+6
55  	    0.0010311363	    0.0012006904	    0.0017682419	 9646.8679594880	6.87804461864E+6	    0.0083141241	77127.0498368306	4.13615379941E+5	2.64941239566E+7	2.58834334886E+7	1.89813100772E+7	3.11951500926E+5	2.39837320761E+7	2.83791644774E+7	2.75054503890E+7	2.80806966883E+7	2.75304039384E+7	9.82845543611E+6	4.37791352528E+6	8.34653063132E+6	2.12186961495E+7	2.07709665594E+7	1.65074893790E+7	1.57716040752E+6	3.45832565748E+6
56  	    0.0010134811	    0.0011726775	    0.0017081437	 9646.8700744712	8.53503382129E+6	    0.0076841175	77127.0487929598	4.13615380101E+5	2.64941239568E+7	2.58834334886E+7	1.89813100773E+7	3.11951501020E+5	2.39837320877E+7	2.83791644842E+7	2.75054503890E+7	2.80806966883E+7	2.75304039385E+7	9.82845543611E+6	4.37791352527E+6	8.34653063131E+6	2.12186961495E+7	2.07709665594E+7	1.65074893790E+7	1.57716040751E+6	3.45832565747E+6
57  	    0.0009995102	    0.0011490281	    0.0016485915	 9646.8895089922	1.00995910343E+7	    0.0070634518	77127.0474034094	4.13615380465E+5	2.64941239570E+7	2.58834334886E+7	1.89813100774E+7	3.11951501135E+5	2.39837320972E+7	2.83791644907E+7	2.75054503890E+7	2.80806966884E+7	2.75304039385E+7	9.82845543611E+6	4.37791352526E+6	8.34653063130E+6	2.12186961495E+7	2.07709665594E+7	1.65074893790E+7	1.57716040750E+6	3.45832565746E+6
58  	    0.0009890063	    0.0011296895	    0.0015952424	 9646.9138840082	1.14927224233E+7	    0.0064519571	    0.4446110041	4.13615381110E+5	2.64941239572E+7	2.58834334886E+7	1.89813100775E+7	3.11951501267E+5	2.39837321037E+7	2.83791644951E+7	2.75054503890E+7	2.80806966884E+7	2.75304039385E+7	9.82845543610E+6	4.37791352525E+6	8.34653063129E+6	2.12186961495E+7	2.07709665593E+7	1.65074893790E+7	1.57716040749E+6	3.45832565745E+6
59  	    0.0009822256	    0.0011154718	    0.0015496096	1.41140802906E+6	1.14927224339E+7	    0.0059015151	    0.0191049834	4.13615382016E+5	2.64941239573E+7	2.58834334887E+7	1.89813100777E+7	3.11951501416E+5	2.39837321072E+7	2.83791644978E+7	2.75054503890E+7	2.80806966885E+7	2.75304039386E+7	9.82845543609E+6	4.37791352524E+6	8.34653063128E+6	2.12186961495E+7	2.07709665593E+7	1.65074893790E+7	1.57716040748E+6	3.45832565744E+6
60  	    0.0009792269	    0.0011066168	    0.0015135370	2.77362306992E+6	1.14927224368E+7	    0.0054484102	    0.0168790409	4.13615382164E+5	2.64941239575E+7	2.58834334887E+7	1.89813100778E+7	3.11951501580E+5	2.39837321089E+7	2.83791644993E+7	2.75054503890E+7	2.80806966885E+7	2.75304039386E+7	9.82845543608E+6	4.37791352523E+6	8.34653063126E+6	2.12186961494E+7	2.07709665593E+7	1.65074893790E+7	1.57716040747E+6	3.45832565743E+6
61  	    0.0009798531	    0.0011027440	    0.0014852815	4.09549270945E+6	1.14927224385E+7	    0.0050587043	    0.0156901882	4.13615384993E+5	2.64941239576E+7	2.58834334887E+7	1.89813100778E+7	3.11951501761E+5	2.39837321101E+7	2.83791645004E+7	2.75054503890E+7	2.80806966885E+7	2.75304039386E+7	9.82845543607E+6	4.37791352522E+6	8.34653063125E+6	2.12186961494E+7	2.07709665593E+7	1.65074893790E+7	1.57716040746E+6	3.45832565742E+6
62  	    0.0009839307	    0.0011035370	    0.0014640331	5.37620190404E+6	1.14927224396E+7	    0.0047143052	    0.0147352877	4.13615401076E+5	2.64941239577E+7	2.58834334887E+7	1.89813100779E+7	3.11951501958E+5	2.39837321110E+7	2.83791645013E+7	2.75054503889E+7	2.80806966885E+7	2.75304039386E+7	9.82845543606E+6	4.37791352520E+6	8.34653063124E+6	2.12186961494E+7	2.07709665593E+7	1.65074893790E+7	1.57716040744E+6	3.45832565741E+6
63  	    0.0009908021	    0.0011082220	    0.0014503461	6.61491917712E+6	1.14927224404E+7	    0.0044076712	    0.0138408487	4.13615411246E+5	2.64941239578E+7	2.58834334887E+7	1.89813100780E+7	3.11951502170E+5	2.39837321118E+7	2.83791645020E+7	2.75054503889E+7	2.80806966885E+7	2.75304039386E+7	9.82845543604E+6	4.37791352519E+6	8.34653063122E+6	2.12186961494E+7	2.07709665593E+7	1.65074893790E+7	1.57716040743E+6	3.45832565740E+6
64  	    0.0010003933	    0.0011165637	    0.0014434878	7.81079619739E+6	1.14927224411E+7	    0.0041321577	    0.0130091155	4.13615451665E+5	2.64941239579E+7	2.58834334887E+7	1.89813100780E+7	3.11951502403E+5	2.39837321124E+7	2.83791645026E+7	2.75054503889E+7	2.80806966885E+7	2.75304039386E+7	9.82845543603E+6	4.37791352517E+6	8.34653063121E+6	2.12186961494E+7	2.07709665593E+7	1.65074893790E+7	1.57716040742E+6	3.45832565738E+6
65  	    0.0010124055	    0.0011280575	    0.0014430819	8.31710602737E+6	1.14927224418E+7	    0.0038823761	    0.0122322300	1.05947703357E+6	2.64941239580E+7	2.58834334887E+7	1.89813100781E+7	3.11951502660E+5	2.39837321130E+7	2.83791645031E+7	2.75054503889E+7	2.80806966885E+7	2.75304039386E+7	9.82845543601E+6	4.37791352516E+6	8.34653063119E+6	2.12186961494E+7	2.07709665592E+7	1.65074893790E+7	1.57716040741E+6	3.45832565737E+6
66  	    0.0010261014	    0.0011420063	    0.0014486422	8.31710604371E+6	1.14927224423E+7	    0.0036666168	    0.0115343903	2.19240576695E+6	2.64941239580E+7	2.58834334887E+7	1.89813100781E+7	3.11951502927E+5	2.39837321135E+7	2.83791645036E+7	2.75054503889E+7	2.80806966885E+7	2.75304039386E+7	9.82845543599E+6	4.37791352514E+6	8.34653063118E+6	2.12186961494E+7	2.07709665592E+7	1.65074893789E+7	1.57716040740E+6	3.45832565736E+6
67  	    0.0010412363	    0.0011579924	    0.0014592471	8.31710605247E+6	1.14927224427E+7	    0.0034790525	    0.0109024393	3.30570311874E+6	2.64941239581E+7	2.58834334887E+7	1.89813100781E+7	3.11951503205E+5	2.39837321139E+7	2.83791645039E+7	2.75054503889E+7	2.80806966885E+7	2.75304039386E+7	9.82845543598E+6	4.37791352513E+6	8.34653063116E+6	2.12186961494E+7	2.07709665592E+7	1.65074893789E+7	1.57716040738E+6	3.45832565735E+6
68  	    0.0010576091	    0.0011756689	    0.0014740874	8.31710605828E+6	1.14927224430E+7	    0.0033154232	    0.0103291660	4.39897250387E+6	2.64941239581E+7	2.58834334886E+7	1.89813100782E+7	3.11951503494E+5	2.39837321142E+7	2.83791645043E+7	2.75054503889E+7	2.80806966885E+7	2.75304039386E+7	9.82845543596E+6	4.37791352511E+6	8.34653063115E+6	2.12186961493E+7	2.07709665592E+7	1.65074893789E+7	1.57716040737E+6	3.45832565733E+6
69  	    0.0010750593	    0.0011947555	    0.0014924535	8.31710606260E+6	1.14927224434E+7	    0.0031726085	    0.0098075515	5.47180932901E+6	2.64941239581E+7	2.58834334886E+7	1.89813100782E+7	3.11951503794E+5	2.39837321145E+7	2.83791645046E+7	2.75054503888E+7	2.80806966885E+7	2.75304039386E+7	9.82845543594E+6	4.37791352509E+6	8.34653063113E+6	2.12186961493E+7	2.07709665592E+7	1.65074893789E+7	1.57716040736E+6	3.45832565732E+6
70  	    0.0010934581	    0.0012150202	    0.0015137214	8.31710606601E+6	1.14927224437E+7	    0.0030483006	    0.0093311385	6.52380082841E+6	2.64941239582E+7	2.58834334886E+7	1.89813100782E+7	3.11951504107E+5	2.39837321148E+7	2.83791645048E+7	2.75054503888E+7	2.80806966885E+7	2.75304039386E+7	9.82845543592E+6	4.37791352507E+6	8.34653063112E+6	2.12186961493E+7	2.07709665592E+7	1.65074893789E+7	1.57716040735E+6	3.45832565731E+6
71  	    0.0011127026	    0.0012362673	    0.0015373425	8.31710606884E+6	1.14927224439E+7	    0.0029407616	    0.0088943172	7.55452589817E+6	2.64941239582E+7	2.58834334886E+7	1.89813100782E+7	3.11951504433E+5	2.39837321150E+7	2.83791645050E+7	2.75054503888E+7	2.80806966885E+7	2.75304039385E+7	9.82845543590E+6	4.37791352506E+6	8.34653063110E+6	2.12186961493E+7	2.07709665592E+7	1.65074893788E+7	1.57716040733E+6	3.45832565730E+6
72  	    0.0011327146	    0.0012583307	    0.0015628392	8.31710607124E+6	1.14927224442E+7	    0.0028486358	    0.0084923601	8.56355492770E+6	2.64941239582E+7	2.58834334886E+7	1.89813100782E+7	3.11951504773E+5	2.39837321152E+7	2.83791645052E+7	2.75054503888E+7	2.80806966885E+7	2.75304039385E+7	9.82845543588E+6	4.37791352504E+6	8.34653063108E+6	2.12186961493E+7	2.07709665591E+7	1.65074893788E+7	1.57716040732E+6	3.45832565728E+6
73  	    0.0011534406	    0.0012810749	    0.0015898073	8.31710607332E+6	1.14927224444E+7	    0.0027708100	    0.0081213398	9.55044962777E+6	2.64941239582E+7	2.58834334885E+7	1.89813100782E+7	3.11951505128E+5	2.39837321154E+7	2.83791645054E+7	2.75054503888E+7	2.80806966885E+7	2.75304039385E+7	9.82845543586E+6	4.37791352502E+6	8.34653063107E+6	2.12186961493E+7	2.07709665591E+7	1.65074893788E+7	1.57716040731E+6	3.45832565727E+6
74  	    0.0011748518	    0.0013043989	    0.0016179214	8.31710607516E+6	1.14927224446E+7	    0.0027063214	    0.0077780240	1.05147628551E+7	2.64941239582E+7	2.58834334885E+7	1.89813100781E+7	3.11951505498E+5	2.39837321155E+7	2.83791645056E+7	2.75054503887E+7	2.80806966884E+7	2.75304039385E+7	9.82845543584E+6	4.37791352500E+6	8.34653063105E+6	2.12186961493E+7	2.07709665591E+7	1.65074893788E+7	1.57716040729E+6	3.45832565726E+6
75  	    0.0011969432	    0.0013282434	    0.0016469431	8.31710607680E+6	1.14927224447E+7	    0.0026543080	    0.0074597893	1.14560384337E+7	2.64941239582E+7	2.58834334885E+7	1.89813100781E+7	3.11951505886E+5	2.39837321157E+7	2.83791645057E+7	2.75054503887E+7	2.80806966884E+7	2.75304039385E+7	9.82845543582E+6	4.37791352498E+6	8.34653063103E+6	2.12186961493E+7	2.07709665591E+7	1.65074893788E+7	1.57716040728E+6	3.45832565724E+6
76  	    0.0012197301	    0.0013525956	    0.0016767251	8.31710607828E+6	1.14927224449E+7	    0.0026139891	    0.0071645643	1.23738109719E+7	2.64941239582E+7	2.58834334885E+7	1.89813100781E+7	3.11951506292E+5	2.39837321158E+7	2.83791645058E+7	2.75054503887E+7	2.80806966884E+7	2.75304039384E+7	9.82845543580E+6	4.37791352496E+6	8.34653063102E+6	2.12186961492E+7	2.07709665591E+7	1.65074893787E+7	1.57716040726E+6	3.45832565723E+6
77  	    0.0012432419	    0.0013774896	    0.0017072086	8.31710607963E+6	1.14927224450E+7	    0.0025846589	    0.0068907917	1.32676056769E+7	2.64941239581E+7	2.58834334885E+7	1.89813100781E+7	3.11951506718E+5	2.39837321159E+7	2.83791645059E+7	2.75054503887E+7	2.80806966884E+7	2.75304039384E+7	9.82845543578E+6	4.37791352495E+6	8.34653063100E+6	2.12186961492E+7	2.07709665591E+7	1.65074893787E+7	1.57716040725E+6	3.45832565721E+6
78  	    0.0012675156	    0.0014030001	    0.0017384112	8.31710608087E+6	1.14927224451E+7	    0.0025656781	    0.0066373908	1.41369381640E+7	2.64941239581E+7	2.58834334884E+7	1.89813100781E+7	3.11951507165E+5	2.39837321159E+7	2.83791645060E+7	2.75054503887E+7	2.80806966883E+7	2.75304039384E+7	9.82845543576E+6	4.37791352493E+6	8.34653063098E+6	2.12186961492E+7	2.07709665590E+7	1.65074893787E+7	1.57716040723E+6	3.45832565720E+6
79  	    0.0012925887	    0.0014292291	    0.0017704061	8.31710608201E+6	1.14927224452E+7	    0.0025564523	    0.0064036995	1.49813142636E+7	2.64941239581E+7	2.58834334884E+7	1.89813100780E+7	3.11951507636E+5	2.39837321160E+7	2.83791645060E+7	2.75054503886E+7	2.80806966883E+7	2.75304039384E+7	9.82845543574E+6	4.37791352491E+6	8.34653063096E+6	2.12186961492E+7	2.07709665590E+7	1.65074893787E+7	1.57716040722E+6	3.45832565718E+6
80  	    0.0013184956	    0.0014562896	    0.0018032966	8.31710608306E+6	1.14927224453E+7	    0.0025564011	    0.0061893889	1.58002298232E+7	2.64941239581E+7	2.58834334884E+7	1.89813100780E+7	3.11951508134E+5	2.39837321161E+7	2.83791645061E+7	2.75054503886E+7	2.80806966883E+7	2.75304039383E+7	9.82845543571E+6	4.37791352488E+6	8.34653063094E+6	2.12186961492E+7	2.07709665590E+7	1.65074893787E+7	1.57716040720E+6	3.45832565717E+6
81  	    0.0013452638	    0.0014842857	    0.0018371873	8.31710608404E+6	1.14927224454E+7	    0.0025649222	    0.0059943536	1.65931705057E+7	2.64941239581E+7	2.58834334884E+7	1.89813100780E+7	3.11951508661E+5	2.39837321161E+7	2.83791645061E+7	2.75054503886E+7	2.80806966883E+7	2.75304039383E+7	9.82845543569E+6	4.37791352486E+6	8.34653063093E+6	2.12186961492E+7	2.07709665590E+7	1.65074893786E+7	1.57716040719E+6	3.45832565715E+6
82  	    0.0013729092	    0.0015132898	    0.0018721516	8.31710608495E+6	1.14927224455E+7	    0.0025813538	    0.0058185838	1.73596115836E+7	2.64941239581E+7	2.58834334883E+7	1.89813100780E+7	3.11951509220E+5	2.39837321161E+7	2.83791645061E+7	2.75054503886E+7	2.80806966882E+7	2.75304039383E+7	9.82845543566E+6	4.37791352484E+6	8.34653063091E+6	2.12186961491E+7	2.07709665590E+7	1.65074893786E+7	1.57716040717E+6	3.45832565714E+6
83  	    0.0014014227	    0.0015433125	    0.0019081915	8.31710608581E+6	1.14927224455E+7	    0.0026049310	    0.0056620226	1.80990177295E+7	2.64941239580E+7	2.58834334883E+7	1.89813100779E+7	3.11951509818E+5	2.39837321162E+7	2.83791645062E+7	2.75054503885E+7	2.80806966882E+7	2.75304039382E+7	9.82845543564E+6	4.37791352482E+6	8.34653063089E+6	2.12186961491E+7	2.07709665589E+7	1.65074893786E+7	1.57716040715E+6	3.45832565712E+6
84  	    0.0014307504	    0.0015742691	    0.0019451943	8.31710608661E+6	1.14927224456E+7	    0.0026347430	    0.0055244162	1.88108428014E+7	2.64941239580E+7	2.58834334883E+7	1.89813100779E+7	3.11951510458E+5	2.39837321162E+7	2.83791645062E+7	2.75054503885E+7	2.80806966882E+7	2.75304039382E+7	9.82845543561E+6	4.37791352479E+6	8.34653063086E+6	2.12186961491E+7	2.07709665589E+7	1.65074893786E+7	1.57716040714E+6	3.45832565710E+6
85  	    0.0014607831	    0.0016059632	    0.0019829117	8.31710608736E+6	1.14927224456E+7	    0.0026697249	    0.0054052016	1.94945296248E+7	2.64941239580E+7	2.58834334882E+7	1.89813100779E+7	3.11951511149E+5	2.39837321162E+7	2.83791645062E+7	2.75054503885E+7	2.80806966881E+7	2.75304039382E+7	9.82845543559E+6	4.37791352477E+6	8.34653063084E+6	2.12186961491E+7	2.07709665589E+7	1.65074893785E+7	1.57716040712E+6	3.45832565708E+6
86  	    0.0014913792	    0.0016381225	    0.0020210041	8.31710608806E+6	1.14927224456E+7	    0.0027087472	    0.0053035325	2.01495097692E+7	2.64941239580E+7	2.58834334882E+7	1.89813100778E+7	3.11951511898E+5	2.39837321162E+7	2.83791645062E+7	2.75054503885E+7	2.80806966881E+7	2.75304039382E+7	9.82845543556E+6	4.37791352475E+6	8.34653063082E+6	2.12186961491E+7	2.07709665589E+7	1.65074893785E+7	1.57716040710E+6	3.45832565707E+6
87  	    0.0015224398	    0.0016705065	    0.0020591750	8.31710608872E+6	1.14927224456E+7	    0.0027508355	    0.0052185294	2.07752033213E+7	2.64941239579E+7	2.58834334882E+7	1.89813100778E+7	3.11951512716E+5	2.39837321162E+7	2.83791645061E+7	2.75054503884E+7	2.80806966881E+7	2.75304039381E+7	9.82845543553E+6	4.37791352472E+6	8.34653063080E+6	2.12186961491E+7	2.07709665589E+7	1.65074893785E+7	1.57716040708E+6	3.45832565705E+6
88  	    0.0015540000	    0.0017030440	    0.0020973421	8.31710608934E+6	1.14927224456E+7	    0.0027954347	    0.0051496904	2.13710186525E+7	2.64941239579E+7	2.58834334882E+7	1.89813100778E+7	3.11951513613E+5	2.39837321161E+7	2.83791645061E+7	2.75054503884E+7	2.80806966880E+7	2.75304039381E+7	9.82845543551E+6	4.37791352470E+6	8.34653063078E+6	2.12186961490E+7	2.07709665588E+7	1.65074893784E+7	1.57716040707E+6	3.45832565703E+6
89  	    0.0015862685	    0.0017359066	    0.0021357272	8.31710608993E+6	1.14927224456E+7	    0.0028425324	    0.0050971980	2.19363521823E+7	2.64941239579E+7	2.58834334881E+7	1.89813100777E+7	3.11951514601E+5	2.39837321161E+7	2.83791645061E+7	2.75054503884E+7	2.80806966880E+7	2.75304039381E+7	9.82845543548E+6	4.37791352467E+6	8.34653063076E+6	2.12186961490E+7	2.07709665588E+7	1.65074893784E+7	1.57716040705E+6	3.45832565701E+6
90  	    0.0016195676	    0.0017694480	    0.0021747817	8.31710609051E+6	1.14927224455E+7	    0.0028925116	    0.0050618355	2.24705881369E+7	2.64941239578E+7	2.58834334881E+7	1.89813100777E+7	3.11951515695E+5	2.39837321161E+7	2.83791645061E+7	2.75054503883E+7	2.80806966880E+7	2.75304039380E+7	9.82845543545E+6	4.37791352464E+6	8.34653063073E+6	2.12186961490E+7	2.07709665588E+7	1.65074893784E+7	1.57716040703E+6	3.45832565699E+6
91  	    0.0016542026	    0.0018040413	    0.0022149806	8.31710609108E+6	1.14927224455E+7	    0.0029458022	    0.0050444771	2.29730983034E+7	2.64941239578E+7	2.58834334881E+7	1.89813100776E+7	3.11951516917E+5	2.39837321161E+7	2.83791645060E+7	2.75054503883E+7	2.80806966879E+7	2.75304039380E+7	9.82845543542E+6	4.37791352462E+6	8.34653063071E+6	2.12186961490E+7	2.07709665588E+7	1.65074893784E+7	1.57716040701E+6	3.45832565697E+6
92  	    0.0016903381	    0.0018399109	    0.0022566113	8.31710609162E+6	1.14927224454E+7	    0.0030025402	    0.0050454366	2.34432417778E+7	2.64941239578E+7	2.58834334880E+7	1.89813100776E+7	3.11951518302E+5	2.39837321160E+7	2.83791645060E+7	2.75054503883E+7	2.80806966879E+7	2.75304039380E+7	9.82845543539E+6	4.37791352459E+6	8.34653063069E+6	2.12186961490E+7	2.07709665588E+7	1.65074893783E+7	1.57716040699E+6	3.45832565695E+6
93  	    0.0017279413	    0.0018770484	    0.0022996684	8.31710609214E+6	1.14927224454E+7	    0.0030624173	    0.0050640646	2.38803647095E+7	2.64941239577E+7	2.58834334880E+7	1.89813100776E+7	3.11951519909E+5	2.39837321160E+7	2.83791645060E+7	2.75054503883E+7	2.80806966879E+7	2.75304039379E+7	9.82845543536E+6	4.37791352456E+6	8.34653063066E+6	2.12186961490E+7	2.07709665587E+7	1.65074893783E+7	1.57716040697E+6	3.45832565693E+6
94  	    0.0017668311	    0.0019152590	    0.0023439127	8.31710609262E+6	1.14927224453E+7	    0.0031247993	    0.0050988730	2.42838000387E+7	2.64941239577E+7	2.58834334879E+7	1.89813100775E+7	3.11951521828E+5	2.39837321159E+7	2.83791645059E+7	2.75054503882E+7	2.80806966878E+7	2.75304039379E+7	9.82845543533E+6	4.37791352453E+6	8.34653063064E+6	2.12186961489E+7	2.07709665587E+7	1.65074893783E+7	1.57716040695E+6	3.45832565691E+6
95  	    0.0018068197	    0.0019543230	    0.0023890726	8.31710609307E+6	1.14927224453E+7	    0.0031890631	    0.0051481507	2.46528672301E+7	2.64941239576E+7	2.58834334879E+7	1.89813100775E+7	3.11951524190E+5	2.39837321159E+7	2.83791645059E+7	2.75054503882E+7	2.80806966878E+7	2.75304039378E+7	9.82845543530E+6	4.37791352450E+6	8.34653063061E+6	2.12186961489E+7	2.07709665587E+7	1.65074893782E+7	1.57716040693E+6	3.45832565689E+6
96  	    0.0018478376	    0.0019941400	    0.0024350225	8.31710609346E+6	1.14927224452E+7	    0.0032548760	    0.0052105543	2.49868720002E+7	2.64941239576E+7	2.58834334879E+7	1.89813100774E+7	3.11951527155E+5	2.39837321158E+7	2.83791645058E+7	2.75054503882E+7	2.80806966878E+7	2.75304039378E+7	9.82845543527E+6	4.37791352447E+6	8.34653063059E+6	2.12186961489E+7	2.07709665587E+7	1.65074893782E+7	1.57716040691E+6	3.45832565687E+6
97  	    0.0018899713	    0.0020347712	    0.0024818295	8.31710609382E+6	1.14927224451E+7	    0.0033222420	    0.0052852853	2.52851060397E+7	2.64941239575E+7	2.58834334878E+7	1.89813100774E+7	3.11951530722E+5	2.39837321158E+7	2.83791645058E+7	2.75054503881E+7	2.80806966877E+7	2.75304039378E+7	9.82845543523E+6	4.37791352444E+6	8.34653063056E+6	2.12186961489E+7	2.07709665586E+7	1.65074893782E+7	1.57716040689E+6	3.45832565684E+6
98  	    0.0019332632	    0.0020762387	    0.0025295094	8.31710609411E+6	1.14927224450E+7	    0.0033910691	    0.0053714081	2.55468467318E+7	2.64941239575E+7	2.58834334878E+7	1.89813100773E+7	3.11951533598E+5	2.39837321157E+7	2.83791645057E+7	2.75054503881E+7	2.80806966877E+7	2.75304039377E+7	9.82845543520E+6	4.37791352441E+6	8.34653063053E+6	2.12186961488E+7	2.07709665586E+7	1.65074893781E+7	1.57716040686E+6	3.45832565682E+6
99  	    0.0019774389	    0.0021182565	    0.0025777477	8.31710609435E+6	1.14927224450E+7	    0.0034609120	    0.0054671609	2.57713568617E+7	2.64941239574E+7	2.58834334878E+7	1.89813100773E+7	3.11951532909E+5	2.39837321157E+7	2.83791645057E+7	2.75054503881E+7	2.80806966876E+7	2.75304039377E+7	9.82845543517E+6	4.37791352438E+6	8.34653063050E+6	2.12186961488E+7	2.07709665586E+7	1.65074893781E+7	1.57716040684E+6	3.45832565680E+6
100 	    0.0020232303	    0.0021615626	    0.0026274819	8.31710609453E+6	1.14927224449E+7	    0.0035336116	    0.0055740664	2.59578842759E+7	2.64941239574E+7	2.58834334877E+7	1.89813100772E+7	3.11951572196E+5	2.39837321156E+7	2.83791645056E+7	2.75054503880E+7	2.80806966876E+7	2.75304039376E+7	9.82845543513E+6	4.37791352435E+6	8.34653063048E+6	2.12186961488E+7	2.07709665586E+7	1.65074893781E+7	1.57716040682E+6	3.45832565677E+6
101 	    0.0020711441	    0.0022067276	    0.0026793790	8.31710609463E+6	1.14927224448E+7	    0.0036102462	    0.0056932840	2.60315260395E+7	2.64941239573E+7	2.58834334877E+7	1.89813100771E+7	3.86087287494E+5	2.39837321156E+7	2.83791645056E+7	2.75054503880E+7	2.80806966875E+7	2.75304039376E+7	9.82845543509E+6	4.37791352431E+6	8.34653063045E+6	2.12186961488E+7	2.07709665585E+7	1.65074893780E+7	1.57716040680E+6	3.45832565675E+6
102 	    0.0021186873	    0.0022512110	    0.0027300815	8.31710609466E+6	1.14927224447E+7	    0.0036828459	    0.0058073025	2.60315260596E+7	2.64941239573E+7	2.58834334876E+7	1.89813100771E+7	5.18451099950E+5	2.39837321155E+7	2.83791645055E+7	2.75054503879E+7	2.80806966875E+7	2.75304039376E+7	9.82845543506E+6	4.37791352428E+6	8.34653063042E+6	2.12186961488E+7	2.07709665585E+7	1.65074893780E+7	1.57716040677E+6	3.45832565672E+6
103 	    0.0021666512	    0.0022957747	    0.0027805823	8.31710609464E+6	1.14927224446E+7	    0.0037536369	    0.0059172845	2.60315260698E+7	2.64941239572E+7	2.58834334876E+7	1.89813100770E+7	6.35089904959E+5	2.39837321154E+7	2.83791645054E+7	2.75054503879E+7	2.80806966874E+7	2.75304039375E+7	9.82845543502E+6	4.37791352424E+6	8.34653063039E+6	2.12186961487E+7	2.07709665585E+7	1.65074893780E+7	1.57716040675E+6	3.45832565670E+6
104 	    0.0022158493	    0.0023412236	    0.0028319933	8.31710609458E+6	1.14927224445E+7	    0.0038253440	    0.0060278797	2.60315260769E+7	2.64941239571E+7	2.58834334875E+7	1.89813100770E+7	7.35686019348E+5	2.39837321154E+7	2.83791645054E+7	2.75054503879E+7	2.80806966874E+7	2.75304039375E+7	9.82845543498E+6	4.37791352421E+6	8.34653063036E+6	2.12186961487E+7	2.07709665585E+7	1.65074893779E+7	1.57716040673E+6	3.45832565667E+6
105 	    0.0022666999	    0.0023879545	    0.0028848572	8.31710609450E+6	1.14927224445E+7	    0.0038992328	    0.0061417753	2.60315260823E+7	2.64941239571E+7	2.58834334875E+7	1.89813100769E+7	8.19915347858E+5	2.39837321153E+7	2.83791645053E+7	2.75054503878E+7	2.80806966874E+7	2.75304039374E+7	9.82845543494E+6	4.37791352417E+6	8.34653063033E+6	2.12186961487E+7	2.07709665584E+7	1.65074893779E+7	1.57716040670E+6	3.45832565664E+6
106 	    0.0023188878	    0.0024356412	    0.0029387830	8.31710609439E+6	1.14927224444E+7	    0.0039747698	    0.0062585750	2.60315260862E+7	2.64941239570E+7	2.58834334875E+7	1.89813100769E+7	8.87447241797E+5	2.39837321152E+7	2.83791645052E+7	2.75054503878E+7	2.80806966873E+7	2.75304039374E+7	9.82845543490E+6	4.37791352414E+6	8.34653063029E+6	2.12186961487E+7	2.07709665584E+7	1.65074893778E+7	1.57716040668E+6	3.45832565662E+6
107 	    0.0023726818	    0.0024845449	    0.0029940934	8.31710609427E+6	1.14927224443E+7	    0.0040526358	    0.0063795600	2.60315260889E+7	2.64941239569E+7	2.58834334874E+7	1.89813100768E+7	9.37944358311E+5	2.39837321151E+7	2.83791645052E+7	2.75054503878E+7	2.80806966873E+7	2.75304039373E+7	9.82845543486E+6	4.37791352410E+6	8.34653063026E+6	2.12186961486E+7	2.07709665584E+7	1.65074893778E+7	1.57716040665E+6	3.45832565659E+6
108 	    0.0024274859	    0.0025339996	    0.0030499322	8.31710609414E+6	1.14927224442E+7	    0.0041305593	    0.0064989849	2.60315260902E+7	2.64941239569E+7	2.58834334874E+7	1.89813100767E+7	9.71062497933E+5	2.39837321151E+7	2.83791645051E+7	2.75054503877E+7	2.80806966872E+7	2.75304039373E+7	9.82845543482E+6	4.37791352406E+6	8.34653063023E+6	2.12186961486E+7	2.07709665583E+7	1.65074893778E+7	1.57716040663E+6	3.45832565656E+6
109 	    0.0024837074	    0.0025840812	    0.0031068117	8.31710609399E+6	1.14927224441E+7	    0.0042091884	    0.0066187475	2.60315260903E+7	2.64941239568E+7	2.58834334873E+7	1.89813100767E+7	9.86450286835E+5	2.39837321150E+7	2.83791645050E+7	2.75054503877E+7	2.80806966872E+7	2.75304039372E+7	9.82845543478E+6	4.37791352402E+6	8.34653063019E+6	2.12186961486E+7	2.07709665583E+7	1.65074893777E+7	1.57716040660E+6	3.45832565653E+6
110 	    0.0025412948	    0.0026360099	    0.0031647308	8.31710609383E+6	1.14927224440E+7	    0.0042915117	    0.0067450127	2.60315260901E+7	2.64941239567E+7	2.58834334873E+7	1.89813100766E+7	9.86453638948E+5	2.39837321149E+7	2.83791645049E+7	2.75054503876E+7	2.80806966871E+7	2.75304039372E+7	9.82845543474E+6	4.37791352398E+6	8.34653063016E+6	2.12186961486E+7	2.07709665583E+7	1.65074893777E+7	1.57716040658E+6	3.45832565650E+6
111 	    0.0026001982	    0.0026882647	    0.0032235244	8.31710609366E+6	1.14927224439E+7	    0.0043733145	    0.0068680660	2.60315260900E+7	2.64941239567E+7	2.58834334872E+7	1.89813100765E+7	9.86453605464E+5	2.39837321148E+7	2.83791645048E+7	2.75054503876E+7	2.80806966871E+7	2.75304039371E+7	9.82845543469E+6	4.37791352394E+6	8.34653063012E+6	2.12186961485E+7	2.07709665582E+7	1.65074893776E+7	1.57716040655E+6	3.45832565647E+6
112 	    0.0026605785	    0.0027415151	    0.0032834115	8.31710609347E+6	1.14927224438E+7	    0.0044567305	    0.0069931107	2.60315260897E+7	2.64941239566E+7	2.58834334872E+7	1.89813100765E+7	9.86453605760E+5	2.39837321147E+7	2.83791645047E+7	2.75054503876E+7	2.80806966870E+7	2.75304039371E+7	9.82845543465E+6	4.37791352390E+6	8.34653063009E+6	2.12186961485E+7	2.07709665582E+7	1.65074893776E+7	1.57716040652E+6	3.45832565644E+6
113 	    0.0027224701	    0.0027957767	    0.0033444175	8.31710609328E+6	1.14927224437E+7	    0.0045418256	    0.0071202090	2.60315260895E+7	2.64941239565E+7	2.58834334871E+7	1.89813100764E+7	9.86453605410E+5	2.39837321146E+7	2.83791645046E+7	2.75054503875E+7	2.80806966870E+7	2.75304039370E+7	9.82845543460E+6	4.37791352386E+6	8.34653063005E+6	2.12186961485E+7	2.07709665582E+7	1.65074893776E+7	1.57716040650E+6	3.45832565641E+6
114 	    0.0027859066	    0.0028510656	    0.0034065663	8.31710609307E+6	1.14927224436E+7	    0.0046286687	    0.0072494413	2.60315260893E+7	2.64941239564E+7	2.58834334871E+7	1.89813100763E+7	9.86453605312E+5	2.39837321145E+7	2.83791645045E+7	2.75054503875E+7	2.80806966869E+7	2.75304039370E+7	9.82845543455E+6	4.37791352382E+6	8.34653063001E+6	2.12186961485E+7	2.07709665581E+7	1.65074893775E+7	1.57716040647E+6	3.45832565638E+6
115 	    0.0028509213	    0.0029073971	    0.0034698808	8.31710609285E+6	1.14927224435E+7	    0.0047173273	    0.0073808743	2.60315260891E+7	2.64941239564E+7	2.58834334870E+7	1.89813100762E+7	9.86453605623E+5	2.39837321144E+7	2.83791645044E+7	2.75054503874E+7	2.80806966868E+7	2.75304039369E+7	9.82845543451E+6	4.37791352377E+6	8.34653062998E+6	2.12186961484E+7	2.07709665581E+7	1.65074893775E+7	1.57716040644E+6	3.45832565635E+6
116 	    0.0029175475	    0.0029647860	    0.0035343836	8.31710609261E+6	1.14927224434E+7	    0.0048078695	    0.0075145704	2.60315260889E+7	2.64941239563E+7	2.58834334870E+7	1.89813100762E+7	9.86453606107E+5	2.39837321143E+7	2.83791645043E+7	2.75054503874E+7	2.80806966868E+7	2.75304039369E+7	9.82845543446E+6	4.37791352373E+6	8.34653062994E+6	2.12186961484E+7	2.07709665581E+7	1.65074893774E+7	1.57716040641E+6	3.45832565631E+6
117 	    0.0029858191	    0.0030232469	    0.0036000971	8.31710609237E+6	1.14927224433E+7	    0.0049003652	    0.0076505915	2.60315260887E+7	2.64941239562E+7	2.58834334869E+7	1.89813100761E+7	9.86453606572E+5	2.39837321142E+7	2.83791645042E+7	2.75054503873E+7	2.80806966867E+7	2.75304039368E+7	9.82845543441E+6	4.37791352368E+6	8.34653062990E+6	2.12186961484E+7	2.07709665581E+7	1.65074893774E+7	1.57716040638E+6	3.45832565628E+6
118 	    0.0030557705	    0.0030827946	    0.0036670436	8.31710609212E+6	1.14927224432E+7	    0.0049948858	    0.0077890004	2.60315260885E+7	2.64941239561E+7	2.58834334869E+7	1.89813100760E+7	9.86453606912E+5	2.39837321140E+7	2.83791645041E+7	2.75054503873E+7	2.80806966867E+7	2.75304039368E+7	9.82845543436E+6	4.37791352364E+6	8.34653062986E+6	2.12186961483E+7	2.07709665580E+7	1.65074893773E+7	1.57716040635E+6	3.45832565624E+6
119 	    0.0031274366	    0.0031434438	    0.0037352455	8.31710609186E+6	1.14927224431E+7	    0.0050915048	    0.0079298609	2.60315260884E+7	2.64941239560E+7	2.58834334868E+7	1.89813100759E+7	9.86453607083E+5	2.39837321139E+7	2.83791645040E+7	2.75054503872E+7	2.80806966866E+7	2.75304039367E+7	9.82845543430E+6	4.37791352359E+6	8.34653062981E+6	2.12186961483E+7	2.07709665580E+7	1.65074893773E+7	1.57716040632E+6	3.45832565621E+6
120 	    0.0032008531	    0.0032052094	    0.0038047255	8.31710609158E+6	1.14927224430E+7	    0.0051902976	    0.0080732386	2.60315260882E+7	2.64941239559E+7	2.58834334867E+7	1.89813100759E+7	9.86453607075E+5	2.39837321138E+7	2.83791645039E+7	2.75054503872E+7	2.80806966865E+7	2.75304039366E+7	9.82845543425E+6	4.37791352354E+6	8.34653062977E+6	2.12186961483E+7	2.07709665579E+7	1.65074893772E+7	1.57716040629E+6	3.45832565617E+6
121 	    0.0032760565	    0.0032681063	    0.0038755062	8.31710609130E+6	1.14927224428E+7	    0.0052913418	    0.0082192001	2.60315260881E+7	2.64941239559E+7	2.58834334867E+7	1.89813100758E+7	9.86453606899E+5	2.39837321137E+7	2.83791645038E+7	2.75054503872E+7	2.80806966865E+7	2.75304039366E+7	9.82845543420E+6	4.37791352350E+6	8.34653062973E+6	2.12186961482E+7	2.07709665579E+7	1.65074893772E+7	1.57716040626E+6	3.45832565614E+6
122 	    0.0033530839	    0.0033321498	    0.0039476105	8.31710609102E+6	1.14927224427E+7	    0.0053947170	    0.0083678135	2.60315260880E+7	2.64941239558E+7	2.58834334866E+7	1.89813100757E+7	9.86453606571E+5	2.39837321135E+7	2.83791645037E+7	2.75054503871E+7	2.80806966864E+7	2.75304039365E+7	9.82845543414E+6	4.37791352345E+6	8.34653062968E+6	2.12186961482E+7	2.07709665579E+7	1.65074893771E+7	1.57716040623E+6	3.45832565610E+6
123 	    0.0034319733	    0.0033973553	    0.0040210615	8.31710609072E+6	1.14927224426E+7	    0.0055005053	    0.0085191481	2.60315260879E+7	2.64941239557E+7	2.58834334866E+7	1.89813100756E+7	9.86453606111E+5	2.39837321134E+7	2.83791645035E+7	2.75054503871E+7	2.80806966864E+7	2.75304039365E+7	9.82845543408E+6	4.37791352340E+6	8.34653062964E+6	2.12186961482E+7	2.07709665578E+7	1.65074893771E+7	1.57716040620E+6	3.45832565606E+6
124 	    0.0035127636	    0.0034637386	    0.0040958827	8.31710609042E+6	1.14927224425E+7	    0.0056087909	    0.0086732745	2.60315260878E+7	2.64941239556E+7	2.58834334865E+7	1.89813100755E+7	9.86453605535E+5	2.39837321133E+7	2.83791645034E+7	2.75054503870E+7	2.80806966863E+7	2.75304039364E+7	9.82845543402E+6	4.37791352334E+6	8.34653062959E+6	2.12186961482E+7	2.07709665578E+7	1.65074893770E+7	1.57716040616E+6	3.45832565602E+6
125 	    0.0035954941	    0.0035313159	    0.0041720977	8.31710609011E+6	1.14927224423E+7	    0.0057196603	    0.0088302648	2.60315260876E+7	2.64941239555E+7	2.58834334864E+7	1.89813100754E+7	9.86453604857E+5	2.39837321131E+7	2.83791645033E+7	2.75054503869E+7	2.80806966862E+7	2.75304039363E+7	9.82845543396E+6	4.37791352329E+6	8.34653062954E+6	2.12186961481E+7	2.07709665578E+7	1.65074893769E+7	1.57716040613E+6	3.45832565598E+6
126 	    0.0036802054	    0.0036001038	    0.0042497304	8.31710608979E+6	1.14927224422E+7	    0.0058332027	    0.0089901925	2.60315260875E+7	2.64941239554E+7	2.58834334864E+7	1.89813100753E+7	9.86453604091E+5	2.39837321130E+7	2.83791645032E+7	2.75054503869E+7	2.80806966862E+7	2.75304039363E+7	9.82845543390E+6	4.37791352324E+6	8.34653062949E+6	2.12186961481E+7	2.07709665577E+7	1.65074893769E+7	1.57716040610E+6	3.45832565594E+6
127 	    0.0037669386	    0.0036701194	    0.0043288052	8.31710608947E+6	1.14927224420E+7	    0.0059495097	    0.0091531330	2.60315260874E+7	2.64941239553E+7	2.58834334863E+7	1.89813100752E+7	9.86453603245E+5	2.39837321129E+7	2.83791645030E+7	2.75054503868E+7	2.80806966861E+7	2.75304039362E+7	9.82845543384E+6	4.37791352319E+6	8.34653062944E+6	2.12186961481E+7	2.07709665577E+7	1.65074893768E+7	1.57716040606E+6	3.45832565590E+6
128 	    0.0038557353	    0.0037413803	    0.0044093468	8.31710608914E+6	1.14927224419E+7	    0.0060686752	    0.0093191633	2.60315260873E+7	2.64941239552E+7	2.58834334862E+7	1.89813100751E+7	9.86453602329E+5	2.39837321127E+7	2.83791645029E+7	2.75054503868E+7	2.80806966860E+7	2.75304039361E+7	9.82845543378E+6	4.37791352313E+6	8.34653062939E+6	2.12186961480E+7	2.07709665576E+7	1.65074893768E+7	1.57716040603E+6	3.45832565586E+6
129 	    0.0039466382	    0.0038139046	    0.0044913802	8.31710608880E+6	1.14927224418E+7	    0.0061907958	    0.0094883624	2.60315260872E+7	2.64941239551E+7	2.58834334862E+7	1.89813100750E+7	9.86453601352E+5	2.39837321126E+7	2.83791645027E+7	2.75054503867E+7	2.80806966859E+7	2.75304039361E+7	9.82845543371E+6	4.37791352308E+6	8.34653062934E+6	2.12186961480E+7	2.07709665576E+7	1.65074893767E+7	1.57716040599E+6	3.45832565582E+6
130 	    0.0040396903	    0.0038877113	    0.0045749310	8.31710608846E+6	1.14927224416E+7	    0.0063159707	    0.0096608114	2.60315260871E+7	2.64941239550E+7	2.58834334861E+7	1.89813100749E+7	9.86453600319E+5	2.39837321124E+7	2.83791645026E+7	2.75054503867E+7	2.80806966859E+7	2.75304039360E+7	9.82845543365E+6	4.37791352302E+6	8.34653062929E+6	2.12186961480E+7	2.07709665576E+7	1.65074893766E+7	1.57716040595E+6	3.45832565578E+6
131 	    0.0041349349	    0.0039628198	    0.0046600252	8.31710608811E+6	1.14927224415E+7	    0.0064443014	    0.0098365935	2.60315260869E+7	2.64941239549E+7	2.58834334860E+7	1.89813100748E+7	9.86453599237E+5	2.39837321122E+7	2.83791645024E+7	2.75054503866E+7	2.80806966858E+7	2.75304039359E+7	9.82845543358E+6	4.37791352296E+6	8.34653062923E+6	2.12186961479E+7	2.07709665575E+7	1.65074893766E+7	1.57716040591E+6	3.45832565574E+6
132 	    0.0042324161	    0.0040392505	    0.0047466892	8.31710608776E+6	1.14927224413E+7	    0.0065758920	    0.0100157941	2.60315260868E+7	2.64941239548E+7	2.58834334860E+7	1.89813100747E+7	9.86453598111E+5	2.39837321121E+7	2.83791645023E+7	2.75054503866E+7	2.80806966857E+7	2.75304039358E+7	9.82845543351E+6	4.37791352290E+6	8.34653062918E+6	2.12186961479E+7	2.07709665575E+7	1.65074893765E+7	1.57716040587E+6	3.45832565569E+6
133 	    0.0043321778	    0.0041170246	    0.0048349498	8.31710608739E+6	1.14927224411E+7	    0.0067108489	    0.0101985011	2.60315260866E+7	2.64941239546E+7	2.58834334859E+7	1.89813100746E+7	9.86453596945E+5	2.39837321119E+7	2.83791645021E+7	2.75054503865E+7	2.80806966856E+7	2.75304039358E+7	9.82845543344E+6	4.37791352284E+6	8.34653062912E+6	2.12186961478E+7	2.07709665574E+7	1.65074893764E+7	1.57716040583E+6	3.45832565565E+6
134 	    0.0044342642	    0.0041961640	    0.0049248347	8.31710608702E+6	1.14927224410E+7	    0.0068492811	    0.0103848046	2.60315260864E+7	2.64941239545E+7	2.58834334858E+7	1.89813100745E+7	9.86453595743E+5	2.39837321117E+7	2.83791645020E+7	2.75054503864E+7	2.80806966856E+7	2.75304039357E+7	9.82845543337E+6	4.37791352278E+6	8.34653062906E+6	2.12186961478E+7	2.07709665574E+7	1.65074893764E+7	1.57716040579E+6	3.45832565560E+6
135 	    0.0045387194	    0.0042766918	    0.0050163717	8.31710608665E+6	1.14927224408E+7	    0.0069912996	    0.0105747971	2.60315260862E+7	2.64941239544E+7	2.58834334857E+7	1.89813100744E+7	9.86453594506E+5	2.39837321116E+7	2.83791645018E+7	2.75054503864E+7	2.80806966855E+7	2.75304039356E+7	9.82845543329E+6	4.37791352272E+6	8.34653062900E+6	2.12186961478E+7	2.07709665573E+7	1.65074893763E+7	1.57716040575E+6	3.45832565555E+6
136 	    0.0046455872	    0.0043586317	    0.0051095894	8.31710608626E+6	1.14927224406E+7	    0.0071370179	    0.0107685736	2.60315260860E+7	2.64941239543E+7	2.58834334857E+7	1.89813100743E+7	9.86453593238E+5	2.39837321114E+7	2.83791645016E+7	2.75054503863E+7	2.80806966854E+7	2.75304039355E+7	9.82845543322E+6	4.37791352266E+6	8.34653062894E+6	2.12186961477E+7	2.07709665573E+7	1.65074893762E+7	1.57716040571E+6	3.45832565551E+6
137 	    0.0047549111	    0.0044420091	    0.0052045170	8.31710608587E+6	1.14927224404E+7	    0.0072865514	    0.0109662315	2.60315260857E+7	2.64941239542E+7	2.58834334856E+7	1.89813100742E+7	9.86453591940E+5	2.39837321112E+7	2.83791645015E+7	2.75054503863E+7	2.80806966853E+7	2.75304039354E+7	9.82845543314E+6	4.37791352260E+6	8.34653062888E+6	2.12186961477E+7	2.07709665572E+7	1.65074893761E+7	1.57716040566E+6	3.45832565546E+6
138 	    0.0048667339	    0.0045268499	    0.0053011844	8.31710608547E+6	1.14927224403E+7	    0.0074400178	    0.0111678709	2.60315260854E+7	2.64941239540E+7	2.58834334855E+7	1.89813100741E+7	9.86453590612E+5	2.39837321110E+7	2.83791645013E+7	2.75054503862E+7	2.80806966852E+7	2.75304039354E+7	9.82845543306E+6	4.37791352253E+6	8.34653062882E+6	2.12186961477E+7	2.07709665572E+7	1.65074893761E+7	1.57716040562E+6	3.45832565541E+6
139 	    0.0049810975	    0.0046131816	    0.0053996221	8.31710608507E+6	1.14927224401E+7	    0.0075975364	    0.0113735940	2.60315260851E+7	2.64941239539E+7	2.58834334854E+7	1.89813100739E+7	9.86453589255E+5	2.39837321108E+7	2.83791645011E+7	2.75054503861E+7	2.80806966851E+7	2.75304039353E+7	9.82845543298E+6	4.37791352247E+6	8.34653062875E+6	2.12186961476E+7	2.07709665571E+7	1.65074893760E+7	1.57716040557E+6	3.45832565536E+6
140 	    0.0050980428	    0.0047010329	    0.0054998613	8.31710608465E+6	1.14927224399E+7	    0.0077592288	    0.0115835056	2.60315260848E+7	2.64941239538E+7	2.58834334853E+7	1.89813100738E+7	9.86453587868E+5	2.39837321106E+7	2.83791645009E+7	2.75054503861E+7	2.80806966850E+7	2.75304039352E+7	9.82845543290E+6	4.37791352240E+6	8.34653062869E+6	2.12186961476E+7	2.07709665571E+7	1.65074893759E+7	1.57716040553E+6	3.45832565531E+6
141 	    0.0052176096	    0.0047904338	    0.0056019341	8.31710608423E+6	1.14927224397E+7	    0.0079252178	    0.0117977130	2.60315260845E+7	2.64941239537E+7	2.58834334852E+7	1.89813100737E+7	9.86453586453E+5	2.39837321105E+7	2.83791645007E+7	2.75054503860E+7	2.80806966850E+7	2.75304039351E+7	9.82845543282E+6	4.37791352233E+6	8.34653062862E+6	2.12186961475E+7	2.07709665570E+7	1.65074893758E+7	1.57716040548E+6	3.45832565526E+6
142 	    0.0053398360	    0.0048814158	    0.0057058734	8.31710608380E+6	1.14927224395E+7	    0.0080956283	    0.0120163258	2.60315260841E+7	2.64941239535E+7	2.58834334851E+7	1.89813100736E+7	9.86453585008E+5	2.39837321102E+7	2.83791645005E+7	2.75054503859E+7	2.80806966849E+7	2.75304039350E+7	9.82845543273E+6	4.37791352226E+6	8.34653062855E+6	2.12186961475E+7	2.07709665570E+7	1.65074893757E+7	1.57716040543E+6	3.45832565521E+6
143 	    0.0054647587	    0.0049740120	    0.0058117130	8.31710608336E+6	1.14927224393E+7	    0.0082705863	    0.0122394557	2.60315260837E+7	2.64941239534E+7	2.58834334851E+7	1.89813100734E+7	9.86453583533E+5	2.39837321100E+7	2.83791645003E+7	2.75054503858E+7	2.80806966848E+7	2.75304039349E+7	9.82845543265E+6	4.37791352219E+6	8.34653062848E+6	2.12186961475E+7	2.07709665569E+7	1.65074893757E+7	1.57716040538E+6	3.45832565516E+6
144 	    0.0055924122	    0.0050682569	    0.0059194877	8.31710608292E+6	1.14927224391E+7	    0.0084502192	    0.0124672168	2.60315260832E+7	2.64941239532E+7	2.58834334850E+7	1.89813100733E+7	9.86453582027E+5	2.39837321098E+7	2.83791645001E+7	2.75054503858E+7	2.80806966847E+7	2.75304039348E+7	9.82845543256E+6	4.37791352212E+6	8.34653062841E+6	2.12186961474E+7	2.07709665569E+7	1.65074893756E+7	1.57716040532E+6	3.45832565510E+6
145 	    0.0057228292	    0.0051641869	    0.0060292332	8.31710608246E+6	1.14927224389E+7	    0.0086346559	    0.0126997251	2.60315260828E+7	2.64941239531E+7	2.58834334849E+7	1.89813100732E+7	9.86453580490E+5	2.39837321096E+7	2.83791644999E+7	2.75054503857E+7	2.80806966846E+7	2.75304039347E+7	9.82845543247E+6	4.37791352205E+6	8.34653062834E+6	2.12186961474E+7	2.07709665568E+7	1.65074893755E+7	1.57716040527E+6	3.45832565505E+6
146 	    0.0058560398	    0.0052618401	    0.0061409867	8.31710608200E+6	1.14927224387E+7	    0.0088240259	    0.0129370987	2.60315260823E+7	2.64941239529E+7	2.58834334848E+7	1.89813100730E+7	9.86453578921E+5	2.39837321094E+7	2.83791644997E+7	2.75054503856E+7	2.80806966845E+7	2.75304039346E+7	9.82845543238E+6	4.37791352197E+6	8.34653062826E+6	2.12186961473E+7	2.07709665568E+7	1.65074893754E+7	1.57716040521E+6	3.45832565499E+6
147 	    0.0059920720	    0.0053612564	    0.0062547861	8.31710608153E+6	1.14927224384E+7	    0.0090184601	    0.0131794573	2.60315260817E+7	2.64941239528E+7	2.58834334847E+7	1.89813100729E+7	9.86453577319E+5	2.39837321092E+7	2.83791644995E+7	2.75054503855E+7	2.80806966844E+7	2.75304039345E+7	9.82845543228E+6	4.37791352190E+6	8.34653062819E+6	2.12186961473E+7	2.07709665567E+7	1.65074893753E+7	1.57716040516E+6	3.45832565494E+6
148 	    0.0061309508	    0.0054624780	    0.0063706713	8.31710608105E+6	1.14927224382E+7	    0.0092180896	    0.0134269223	2.60315260812E+7	2.64941239526E+7	2.58834334846E+7	1.89813100727E+7	9.86453575684E+5	2.39837321089E+7	2.83791644993E+7	2.75054503855E+7	2.80806966843E+7	2.75304039344E+7	9.82845543219E+6	4.37791352182E+6	8.34653062811E+6	2.12186961472E+7	2.07709665566E+7	1.65074893752E+7	1.57716040510E+6	3.45832565488E+6
149 	    0.0062726987	    0.0055655488	    0.0064886831	8.31710608056E+6	1.14927224380E+7	    0.0094230466	    0.0136796169	2.60315260806E+7	2.64941239525E+7	2.58834334845E+7	1.89813100726E+7	9.86453574014E+5	2.39837321087E+7	2.83791644990E+7	2.75054503854E+7	2.80806966842E+7	2.75304039343E+7	9.82845543209E+6	4.37791352174E+6	8.34653062803E+6	2.12186961472E+7	2.07709665566E+7	1.65074893751E+7	1.57716040504E+6	3.45832565482E+6
150 	    0.0064173351	    0.0056705153	    0.0066088642	8.31710608006E+6	1.14927224377E+7	    0.0096334634	    0.0139376651	2.60315260800E+7	2.64941239523E+7	2.58834334844E+7	1.89813100724E+7	9.86453572308E+5	2.39837321085E+7	2.83791644988E+7	2.75054503853E+7	2.80806966840E+7	2.75304039342E+7	9.82845543199E+6	4.37791352166E+6	8.34653062795E+6	2.12186961471E+7	2.07709665565E+7	1.65074893750E+7	1.57716040497E+6	3.45832565476E+6
151 	    0.0065648764	    0.0057774262	    0.0067312591	8.31710607955E+6	1.14927224375E+7	    0.0098494728	    0.0142011922	2.60315260793E+7	2.64941239522E+7	2.58834334843E+7	1.89813100723E+7	9.86453570567E+5	2.39837321082E+7	2.83791644986E+7	2.75054503852E+7	2.80806966839E+7	2.75304039341E+7	9.82845543189E+6	4.37791352158E+6	8.34653062787E+6	2.12186961471E+7	2.07709665565E+7	1.65074893749E+7	1.57716040491E+6	3.45832565470E+6
152 	    0.0067153362	    0.0058863327	    0.0068559142	8.31710607903E+6	1.14927224372E+7	    0.0100712074	    0.0144703245	2.60315260787E+7	2.64941239520E+7	2.58834334841E+7	1.89813100721E+7	9.86453568789E+5	2.39837321080E+7	2.83791644983E+7	2.75054503851E+7	2.80806966838E+7	2.75304039340E+7	9.82845543179E+6	4.37791352150E+6	8.34653062779E+6	2.12186961470E+7	2.07709665564E+7	1.65074893748E+7	1.57716040485E+6	3.45832565464E+6
153 	    0.0068687246	    0.0059972886	    0.0069828779	8.31710607851E+6	1.14927224370E+7	    0.0102988000	    0.0147451888	2.60315260779E+7	2.64941239518E+7	2.58834334840E+7	1.89813100719E+7	9.86453566973E+5	2.39837321077E+7	2.83791644981E+7	2.75054503851E+7	2.80806966837E+7	2.75304039339E+7	9.82845543168E+6	4.37791352142E+6	8.34653062770E+6	2.12186961470E+7	2.07709665563E+7	1.65074893747E+7	1.57716040478E+6	3.45832565458E+6
154 	    0.0070250488	    0.0061103507	    0.0071122011	8.31710607797E+6	1.14927224367E+7	    0.0105323828	    0.0150259124	2.60315260772E+7	2.64941239517E+7	2.58834334839E+7	1.89813100718E+7	9.86453565119E+5	2.39837321074E+7	2.83791644978E+7	2.75054503850E+7	2.80806966836E+7	2.75304039338E+7	9.82845543157E+6	4.37791352133E+6	8.34653062762E+6	2.12186961469E+7	2.07709665563E+7	1.65074893746E+7	1.57716040471E+6	3.45832565452E+6
155 	    0.0071843129	    0.0062255788	    0.0072439373	8.31710607742E+6	1.14927224364E+7	    0.0107720878	    0.0153126226	2.60315260765E+7	2.64941239515E+7	2.58834334838E+7	1.89813100716E+7	9.86453563225E+5	2.39837321072E+7	2.83791644975E+7	2.75054503849E+7	2.80806966835E+7	2.75304039337E+7	9.82845543147E+6	4.37791352125E+6	8.34653062753E+6	2.12186961469E+7	2.07709665562E+7	1.65074893745E+7	1.57716040464E+6	3.45832565445E+6
156 	    0.0073465180	    0.0063430357	    0.0073781428	8.31710607686E+6	1.14927224362E+7	    0.0110180462	    0.0156054471	2.60315260757E+7	2.64941239513E+7	2.58834334837E+7	1.89813100714E+7	9.86453561291E+5	2.39837321069E+7	2.83791644973E+7	2.75054503848E+7	2.80806966833E+7	2.75304039335E+7	9.82845543135E+6	4.37791352116E+6	8.34653062744E+6	2.12186961468E+7	2.07709665561E+7	1.65074893744E+7	1.57716040457E+6	3.45832565439E+6
157 	    0.0075116620	    0.0064627878	    0.0075148770	8.31710607629E+6	1.14927224359E+7	    0.0112703880	    0.0159045128	2.60315260749E+7	2.64941239511E+7	2.58834334836E+7	1.89813100712E+7	9.86453559315E+5	2.39837321066E+7	2.83791644970E+7	2.75054503847E+7	2.80806966832E+7	2.75304039334E+7	9.82845543124E+6	4.37791352107E+6	8.34653062735E+6	2.12186961468E+7	2.07709665560E+7	1.65074893742E+7	1.57716040449E+6	3.45832565432E+6
158 	    0.0076797404	    0.0065849054	    0.0076542027	8.31710607571E+6	1.14927224356E+7	    0.0115292425	    0.0162099465	2.60315260740E+7	2.64941239509E+7	2.58834334834E+7	1.89813100710E+7	9.86453557298E+5	2.39837321063E+7	2.83791644967E+7	2.75054503846E+7	2.80806966831E+7	2.75304039333E+7	9.82845543113E+6	4.37791352098E+6	8.34653062725E+6	2.12186961467E+7	2.07709665560E+7	1.65074893741E+7	1.57716040441E+6	3.45832565425E+6
159 	    0.0078507457	    0.0067094622	    0.0077961867	8.31710607511E+6	1.14927224353E+7	    0.0117947373	    0.0165218741	2.60315260732E+7	2.64941239507E+7	2.58834334833E+7	1.89813100709E+7	9.86453555238E+5	2.39837321060E+7	2.83791644964E+7	2.75054503845E+7	2.80806966830E+7	2.75304039332E+7	9.82845543101E+6	4.37791352088E+6	8.34653062716E+6	2.12186961466E+7	2.07709665559E+7	1.65074893740E+7	1.57716040434E+6	3.45832565418E+6
160 	    0.0080246684	    0.0068365366	    0.0079408995	8.31710607451E+6	1.14927224350E+7	    0.0120669985	    0.0168404204	2.60315260723E+7	2.64941239505E+7	2.58834334832E+7	1.89813100707E+7	9.86453553135E+5	2.39837321057E+7	2.83791644961E+7	2.75054503844E+7	2.80806966828E+7	2.75304039330E+7	9.82845543089E+6	4.37791352079E+6	8.34653062706E+6	2.12186961466E+7	2.07709665558E+7	1.65074893739E+7	1.57716040425E+6	3.45832565411E+6
161 	    0.0082014965	    0.0069662115	    0.0080884165	8.31710607390E+6	1.14927224347E+7	    0.0123461502	    0.0171657093	2.60315260713E+7	2.64941239503E+7	2.58834334831E+7	1.89813100705E+7	9.86453550986E+5	2.39837321054E+7	2.83791644958E+7	2.75054503843E+7	2.80806966827E+7	2.75304039329E+7	9.82845543077E+6	4.37791352069E+6	8.34653062697E+6	2.12186961465E+7	2.07709665557E+7	1.65074893737E+7	1.57716040417E+6	3.45832565404E+6
162 	    0.0083812163	    0.0070985745	    0.0082388176	8.31710607327E+6	1.14927224344E+7	    0.0126323143	    0.0174978632	2.60315260704E+7	2.64941239501E+7	2.58834334829E+7	1.89813100703E+7	9.86453548793E+5	2.39837321051E+7	2.83791644955E+7	2.75054503842E+7	2.80806966825E+7	2.75304039328E+7	9.82845543064E+6	4.37791352059E+6	8.34653062687E+6	2.12186961465E+7	2.07709665557E+7	1.65074893736E+7	1.57716040409E+6	3.45832565397E+6
163 	    0.0085638124	    0.0072337186	    0.0083921882	8.31710607263E+6	1.14927224341E+7	    0.0129256104	    0.0178370028	2.60315260695E+7	2.64941239499E+7	2.58834334828E+7	1.89813100701E+7	9.86453546554E+5	2.39837321047E+7	2.83791644952E+7	2.75054503841E+7	2.80806966824E+7	2.75304039326E+7	9.82845543052E+6	4.37791352049E+6	8.34653062677E+6	2.12186961464E+7	2.07709665556E+7	1.65074893735E+7	1.57716040400E+6	3.45832565389E+6
164 	    0.0087492684	    0.0073717426	    0.0085486192	8.31710607198E+6	1.14927224337E+7	    0.0132261550	    0.0181832473	2.60315260685E+7	2.64941239497E+7	2.58834334826E+7	1.89813100698E+7	9.86453544268E+5	2.39837321044E+7	2.83791644948E+7	2.75054503840E+7	2.80806966823E+7	2.75304039325E+7	9.82845543039E+6	4.37791352038E+6	8.34653062666E+6	2.12186961463E+7	2.07709665555E+7	1.65074893733E+7	1.57716040391E+6	3.45832565382E+6
165 	    0.0089375668	    0.0075127514	    0.0087082077	8.31710607131E+6	1.14927224334E+7	    0.0135340620	    0.0185367140	2.60315260675E+7	2.64941239494E+7	2.58834334825E+7	1.89813100696E+7	9.86453541934E+5	2.39837321040E+7	2.83791644945E+7	2.75054503839E+7	2.80806966821E+7	2.75304039323E+7	9.82845543026E+6	4.37791352028E+6	8.34653062656E+6	2.12186961463E+7	2.07709665554E+7	1.65074893732E+7	1.57716040381E+6	3.45832565374E+6
166 	    0.0091286896	    0.0076568562	    0.0088710571	8.31710607064E+6	1.14927224331E+7	    0.0138494414	    0.0188975178	2.60315260664E+7	2.64941239492E+7	2.58834334823E+7	1.89813100694E+7	9.86453539551E+5	2.39837321037E+7	2.83791644941E+7	2.75054503838E+7	2.80806966820E+7	2.75304039322E+7	9.82845543013E+6	4.37791352017E+6	8.34653062645E+6	2.12186961462E+7	2.07709665553E+7	1.65074893731E+7	1.57716040372E+6	3.45832565366E+6
167 	    0.0093226190	    0.0078041757	    0.0090372776	8.31710606995E+6	1.14927224327E+7	    0.0141724000	    0.0192657715	2.60315260654E+7	2.64941239490E+7	2.58834334822E+7	1.89813100692E+7	9.86453537120E+5	2.39837321033E+7	2.83791644938E+7	2.75054503837E+7	2.80806966818E+7	2.75304039320E+7	9.82845542999E+6	4.37791352006E+6	8.34653062634E+6	2.12186961461E+7	2.07709665552E+7	1.65074893729E+7	1.57716040362E+6	3.45832565358E+6
168 	    0.0095193374	    0.0079548360	    0.0092069866	8.31710606925E+6	1.14927224324E+7	    0.0145030405	    0.0196415853	2.60315260643E+7	2.64941239487E+7	2.58834334820E+7	1.89813100689E+7	9.86453534638E+5	2.39837321030E+7	2.83791644934E+7	2.75054503835E+7	2.80806966816E+7	2.75304039319E+7	9.82845542985E+6	4.37791351995E+6	8.34653062623E+6	2.12186961461E+7	2.07709665551E+7	1.65074893728E+7	1.57716040352E+6	3.45832565350E+6
169 	    0.0097188276	    0.0081089711	    0.0093803085	8.31710606853E+6	1.14927224320E+7	    0.0148414616	    0.0200250663	2.60315260633E+7	2.64941239485E+7	2.58834334819E+7	1.89813100687E+7	9.86453532106E+5	2.39837321026E+7	2.83791644931E+7	2.75054503834E+7	2.80806966815E+7	2.75304039317E+7	9.82845542971E+6	4.37791351983E+6	8.34653062612E+6	2.12186961460E+7	2.07709665550E+7	1.65074893726E+7	1.57716040342E+6	3.45832565341E+6
170 	    0.0099210740	    0.0082667239	    0.0095573755	8.31710606781E+6	1.14927224316E+7	    0.0151877577	    0.0204163184	2.60315260621E+7	2.64941239482E+7	2.58834334817E+7	1.89813100685E+7	9.86453529523E+5	2.39837321022E+7	2.83791644927E+7	2.75054503833E+7	2.80806966813E+7	2.75304039316E+7	9.82845542957E+6	4.37791351971E+6	8.34653062600E+6	2.12186961459E+7	2.07709665549E+7	1.65074893725E+7	1.57716040331E+6	3.45832565333E+6
171 	    0.0101260622	    0.0084282460	    0.0097383273	8.31710606706E+6	1.14927224312E+7	    0.0155420189	    0.0208154412	2.60315260610E+7	2.64941239479E+7	2.58834334816E+7	1.89813100682E+7	9.86453526887E+5	2.39837321018E+7	2.83791644923E+7	2.75054503832E+7	2.80806966811E+7	2.75304039314E+7	9.82845542942E+6	4.37791351959E+6	8.34653062589E+6	2.12186961458E+7	2.07709665548E+7	1.65074893723E+7	1.57716040321E+6	3.45832565324E+6
172 	    0.0103337796	    0.0085936988	    0.0099233109	8.31710606631E+6	1.14927224309E+7	    0.0159043311	    0.0212225296	2.60315260599E+7	2.64941239477E+7	2.58834334814E+7	1.89813100680E+7	9.86453524200E+5	2.39837321014E+7	2.83791644919E+7	2.75054503831E+7	2.80806966810E+7	2.75304039312E+7	9.82845542927E+6	4.37791351947E+6	8.34653062577E+6	2.12186961458E+7	2.07709665547E+7	1.65074893722E+7	1.57716040309E+6	3.45832565315E+6
173 	    0.0105442158	    0.0087632534	    0.0101124805	8.31710606554E+6	1.14927224305E+7	    0.0162747759	    0.0216376725	2.60315260587E+7	2.64941239474E+7	2.58834334812E+7	1.89813100677E+7	9.86453521459E+5	2.39837321010E+7	2.83791644915E+7	2.75054503829E+7	2.80806966808E+7	2.75304039311E+7	9.82845542912E+6	4.37791351934E+6	8.34653062565E+6	2.12186961457E+7	2.07709665546E+7	1.65074893720E+7	1.57716040298E+6	3.45832565306E+6
174 	    0.0107573628	    0.0089370909	    0.0103059968	8.31710606476E+6	1.14927224300E+7	    0.0166534310	    0.0220609516	2.60315260575E+7	2.64941239471E+7	2.58834334810E+7	1.89813100674E+7	9.86453518666E+5	2.39837321006E+7	2.83791644911E+7	2.75054503828E+7	2.80806966806E+7	2.75304039309E+7	9.82845542896E+6	4.37791351921E+6	8.34653062552E+6	2.12186961456E+7	2.07709665545E+7	1.65074893718E+7	1.57716040287E+6	3.45832565296E+6
175 	    0.0109732151	    0.0091154027	    0.0105040265	8.31710606396E+6	1.14927224296E+7	    0.0170403702	    0.0224924396	2.60315260563E+7	2.64941239468E+7	2.58834334808E+7	1.89813100672E+7	9.86453515820E+5	2.39837321002E+7	2.83791644906E+7	2.75054503827E+7	2.80806966804E+7	2.75304039307E+7	9.82845542880E+6	4.37791351907E+6	8.34653062540E+6	2.12186961455E+7	2.07709665544E+7	1.65074893717E+7	1.57716040275E+6	3.45832565287E+6
176 	    0.0111917699	    0.0092983901	    0.0107067409	8.31710606315E+6	1.14927224292E+7	    0.0174356634	    0.0229321980	2.60315260551E+7	2.64941239465E+7	2.58834334807E+7	1.89813100669E+7	9.86453512921E+5	2.39837320997E+7	2.83791644902E+7	2.75054503825E+7	2.80806966802E+7	2.75304039305E+7	9.82845542864E+6	4.37791351894E+6	8.34653062527E+6	2.12186961454E+7	2.07709665543E+7	1.65074893715E+7	1.57716040262E+6	3.45832565277E+6
177 	    0.0114130273	    0.0094862643	    0.0109143147	8.31710606233E+6	1.14927224288E+7	    0.0178393766	    0.0233802742	2.60315260539E+7	2.64941239462E+7	2.58834334805E+7	1.89813100666E+7	9.86453509970E+5	2.39837320993E+7	2.83791644898E+7	2.75054503824E+7	2.80806966800E+7	2.75304039303E+7	9.82845542847E+6	4.37791351880E+6	8.34653062514E+6	2.12186961453E+7	2.07709665542E+7	1.65074893713E+7	1.57716040250E+6	3.45832565266E+6
178 	    0.0116369906	    0.0096792451	    0.0111269244	8.31710606149E+6	1.14927224283E+7	    0.0182515710	    0.0238366987	2.60315260526E+7	2.64941239459E+7	2.58834334803E+7	1.89813100663E+7	9.86453506967E+5	2.39837320988E+7	2.83791644893E+7	2.75054503823E+7	2.80806966798E+7	2.75304039301E+7	9.82845542830E+6	4.37791351865E+6	8.34653062501E+6	2.12186961453E+7	2.07709665541E+7	1.65074893711E+7	1.57716040237E+6	3.45832565256E+6
179 	    0.0118636663	    0.0098775607	    0.0113447464	8.31710606064E+6	1.14927224279E+7	    0.0186723016	    0.0243014801	2.60315260514E+7	2.64941239456E+7	2.58834334801E+7	1.89813100660E+7	9.86453503915E+5	2.39837320984E+7	2.83791644889E+7	2.75054503821E+7	2.80806966796E+7	2.75304039299E+7	9.82845542813E+6	4.37791351850E+6	8.34653062487E+6	2.12186961452E+7	2.07709665540E+7	1.65074893709E+7	1.57716040224E+6	3.45832565245E+6
180 	    0.0120930655	    0.0100814455	    0.0115679552	8.31710605977E+6	1.14927224274E+7	    0.0191016147	    0.0247745990	2.60315260501E+7	2.64941239453E+7	2.58834334799E+7	1.89813100657E+7	9.86453500814E+5	2.39837320979E+7	2.83791644884E+7	2.75054503820E+7	2.80806966794E+7	2.75304039297E+7	9.82845542795E+6	4.37791351835E+6	8.34653062473E+6	2.12186961451E+7	2.07709665539E+7	1.65074893707E+7	1.57716040210E+6	3.45832565234E+6
181 	    0.0123252053	    0.0102911390	    0.0117967217	8.31710605889E+6	1.14927224270E+7	    0.0195395434	    0.0252560011	2.60315260488E+7	2.64941239449E+7	2.58834334796E+7	1.89813100654E+7	9.86453497667E+5	2.39837320974E+7	2.83791644879E+7	2.75054503818E+7	2.80806966792E+7	2.75304039295E+7	9.82845542776E+6	4.37791351819E+6	8.34653062459E+6	2.12186961450E+7	2.07709665537E+7	1.65074893705E+7	1.57716040196E+6	3.45832565223E+6
182 	    0.0125601118	    0.0105068843	    0.0120312120	8.31710605800E+6	1.14927224265E+7	    0.0199861023	    0.0257455855	2.60315260474E+7	2.64941239446E+7	2.58834334794E+7	1.89813100651E+7	9.86453494477E+5	2.39837320969E+7	2.83791644874E+7	2.75054503817E+7	2.80806966789E+7	2.75304039293E+7	9.82845542757E+6	4.37791351803E+6	8.34653062444E+6	2.12186961449E+7	2.07709665536E+7	1.65074893703E+7	1.57716040182E+6	3.45832565212E+6
183 	    0.0127978251	    0.0107289270	    0.0122715867	8.31710605709E+6	1.14927224260E+7	    0.0204412779	    0.0262431926	2.60315260461E+7	2.64941239442E+7	2.58834334792E+7	1.89813100647E+7	9.86453491248E+5	2.39837320964E+7	2.83791644869E+7	2.75054503815E+7	2.80806966787E+7	2.75304039291E+7	9.82845542738E+6	4.37791351786E+6	8.34653062429E+6	2.12186961448E+7	2.07709665535E+7	1.65074893701E+7	1.57716040168E+6	3.45832565200E+6
184 	    0.0130384068	    0.0109575155	    0.0125180007	8.31710605617E+6	1.14927224255E+7	    0.0209050167	    0.0267485884	2.60315260447E+7	2.64941239439E+7	2.58834334790E+7	1.89813100644E+7	9.86453487984E+5	2.39837320959E+7	2.83791644864E+7	2.75054503814E+7	2.80806966785E+7	2.75304039288E+7	9.82845542718E+6	4.37791351769E+6	8.34653062414E+6	2.12186961447E+7	2.07709665534E+7	1.65074893699E+7	1.57716040153E+6	3.45832565188E+6
185 	    0.0132819500	    0.0111929028	    0.0127706015	8.31710605523E+6	1.14927224250E+7	    0.0213772059	    0.0272614525	2.60315260433E+7	2.64941239435E+7	2.58834334787E+7	1.89813100641E+7	9.86453484693E+5	2.39837320954E+7	2.83791644859E+7	2.75054503812E+7	2.80806966782E+7	2.75304039286E+7	9.82845542697E+6	4.37791351751E+6	8.34653062398E+6	2.12186961446E+7	2.07709665532E+7	1.65074893697E+7	1.57716040137E+6	3.45832565175E+6
186 	    0.0135285928	    0.0114353494	    0.0130295249	8.31710605427E+6	1.14927224245E+7	    0.0218576459	    0.0277813788	2.60315260419E+7	2.64941239431E+7	2.58834334785E+7	1.89813100637E+7	9.86453481381E+5	2.39837320949E+7	2.83791644854E+7	2.75054503810E+7	2.80806966780E+7	2.75304039283E+7	9.82845542676E+6	4.37791351732E+6	8.34653062382E+6	2.12186961445E+7	2.07709665531E+7	1.65074893695E+7	1.57716040121E+6	3.45832565162E+6
187 	    0.0137785320	    0.0116851255	    0.0132948828	8.31710605330E+6	1.14927224240E+7	    0.0223460086	    0.0283079140	2.60315260404E+7	2.64941239428E+7	2.58834334782E+7	1.89813100634E+7	9.86453478061E+5	2.39837320944E+7	2.83791644849E+7	2.75054503808E+7	2.80806966777E+7	2.75304039281E+7	9.82845542654E+6	4.37791351713E+6	8.34653062365E+6	2.12186961444E+7	2.07709665530E+7	1.65074893693E+7	1.57716040105E+6	3.45832565148E+6
188 	    0.0140320378	    0.0119425064	    0.0135667371	8.31710605230E+6	1.14927224235E+7	    0.0228417815	    0.0288406803	2.60315260389E+7	2.64941239424E+7	2.58834334780E+7	1.89813100630E+7	9.86453474749E+5	2.39837320939E+7	2.83791644844E+7	2.75054503807E+7	2.80806966774E+7	2.75304039278E+7	9.82845542632E+6	4.37791351693E+6	8.34653062347E+6	2.12186961443E+7	2.07709665528E+7	1.65074893690E+7	1.57716040088E+6	3.45832565134E+6
189 	    0.0142894641	    0.0122077504	    0.0138450481	8.31710605127E+6	1.14927224229E+7	    0.0233442139	    0.0293796679	2.60315260373E+7	2.64941239420E+7	2.58834334777E+7	1.89813100626E+7	9.86453471470E+5	2.39837320933E+7	2.83791644838E+7	2.75054503805E+7	2.80806966772E+7	2.75304039276E+7	9.82845542608E+6	4.37791351673E+6	8.34653062329E+6	2.12186961442E+7	2.07709665527E+7	1.65074893688E+7	1.57716040070E+6	3.45832565119E+6
190 	    0.0145512499	    0.0124810417	    0.0141295789	8.31710605021E+6	1.14927224224E+7	    0.0238523294	    0.0299258329	2.60315260358E+7	2.64941239416E+7	2.58834334774E+7	1.89813100623E+7	9.86453468249E+5	2.39837320928E+7	2.83791644833E+7	2.75054503803E+7	2.80806966769E+7	2.75304039273E+7	9.82845542584E+6	4.37791351651E+6	8.34653062310E+6	2.12186961441E+7	2.07709665525E+7	1.65074893685E+7	1.57716040052E+6	3.45832565104E+6
191 	    0.0148178987	    0.0127623648	    0.0144197193	8.31710604910E+6	1.14927224219E+7	    0.0243651982	    0.0304822147	2.60315260342E+7	2.64941239412E+7	2.58834334772E+7	1.89813100619E+7	9.86453465104E+5	2.39837320923E+7	2.83791644828E+7	2.75054503801E+7	2.80806966766E+7	2.75304039270E+7	9.82845542559E+6	4.37791351629E+6	8.34653062290E+6	2.12186961440E+7	2.07709665524E+7	1.65074893683E+7	1.57716040033E+6	3.45832565088E+6
192 	    0.0150899057	    0.0130512474	    0.0147141689	8.31710604794E+6	1.14927224213E+7	    0.0248829227	    0.0310558822	2.60315260326E+7	2.64941239408E+7	2.58834334769E+7	1.89813100615E+7	9.86453461990E+5	2.39837320917E+7	2.83791644822E+7	2.75054503799E+7	2.80806966763E+7	2.75304039267E+7	9.82845542534E+6	4.37791351606E+6	8.34653062269E+6	2.12186961439E+7	2.07709665522E+7	1.65074893680E+7	1.57716040014E+6	3.45832565070E+6
193 	    0.0153676339	    0.0133462627	    0.0150104792	8.31710604671E+6	1.14927224207E+7	    0.0254092913	    0.0316611173	2.60315260310E+7	2.64941239404E+7	2.58834334766E+7	1.89813100611E+7	9.86453458684E+5	2.39837320912E+7	2.83791644817E+7	2.75054503796E+7	2.80806966760E+7	2.75304039265E+7	9.82845542507E+6	4.37791351582E+6	8.34653062248E+6	2.12186961437E+7	2.07709665520E+7	1.65074893677E+7	1.57716039993E+6	3.45832565052E+6
194 	    0.0156515386	    0.0136443127	    0.0153049790	8.31710604542E+6	1.14927224201E+7	    0.0259578597	    0.0323237670	2.60315260295E+7	2.64941239400E+7	2.58834334763E+7	1.89813100608E+7	9.86453454556E+5	2.39837320906E+7	2.83791644811E+7	2.75054503794E+7	2.80806966757E+7	2.75304039262E+7	9.82845542481E+6	4.37791351556E+6	8.34653062225E+6	2.12186961436E+7	2.07709665518E+7	1.65074893675E+7	1.57716039971E+6	3.45832565032E+6
195 	    0.0159452423	    0.0139411141	    0.0155958965	8.31710604414E+6	1.14927224194E+7	    0.0265641403	    0.0330818650	2.60315260283E+7	2.64941239396E+7	2.58834334760E+7	1.89813100604E+7	9.86453448568E+5	2.39837320899E+7	2.83791644804E+7	2.75054503792E+7	2.80806966754E+7	2.75304039259E+7	9.82845542454E+6	4.37791351531E+6	8.34653062202E+6	2.12186961435E+7	2.07709665517E+7	1.65074893672E+7	1.57716039948E+6	3.45832565011E+6
196 	    0.0162713850	    0.0142409200	    0.0158994092	8.31710604308E+6	1.14927224186E+7	    0.0273022867	    0.0339538863	2.60315260276E+7	2.64941239391E+7	2.58834334758E+7	1.89813100600E+7	9.86453441507E+5	2.39837320891E+7	2.83791644797E+7	2.75054503790E+7	2.80806966752E+7	2.75304039256E+7	9.82845542428E+6	4.37791351505E+6	8.34653062179E+6	2.12186961433E+7	2.07709665515E+7	1.65074893669E+7	1.57716039924E+6	3.45832564989E+6
197 	    0.0167271168	    0.0146028712	    0.0163007644	8.31710604269E+6	1.14927224177E+7	    0.0282456268	    0.0347743696	2.60315260271E+7	2.64941239385E+7	2.58834334754E+7	1.89813100594E+7	9.86453450267E+5	2.39837320882E+7	2.83791644787E+7	2.75054503788E+7	2.80806966748E+7	2.75304039253E+7	9.82845542400E+6	4.37791351479E+6	8.34653062156E+6	2.12186961431E+7	2.07709665513E+7	1.65074893667E+7	1.57716039899E+6	3.45832564967E+6
198 	    0.0175450510	    0.0152310383	    0.0169740823	8.31710604337E+6	1.14927224173E+7	    0.0289765251	    0.0347292372	2.60315260269E+7	2.64941239377E+7	2.58834334749E+7	1.89813100586E+7	9.86453573350E+5	2.39837320877E+7	2.83791644782E+7	2.75054503784E+7	2.80806966742E+7	2.75304039247E+7	9.82845542351E+6	4.37791351437E+6	8.34653062124E+6	2.12186961430E+7	2.07709665511E+7	1.65074893662E+7	1.57716039868E+6	3.45832564940E+6
199 	    0.0139459038	    0.0122429816	    0.0129264104	8.31710608184E+6	1.14927224312E+7	    0.0181617583	    0.0177959024	2.60315261000E+7	2.64941239443E+7	2.58834334778E+7	1.89813100646E+7	9.86453647815E+5	2.39837321009E+7	2.83791644911E+7	2.75054503801E+7	2.80806966775E+7	2.75304039278E+7	9.82845542561E+6	4.37791351585E+6	8.34653062242E+6	2.12186961435E+7	2.07709665518E+7	1.65074893684E+7	1.57716039936E+6	3.45832565004E+6
200 	   77.5212975210	   68.5546636611	   66.4016662137	8.31703078316E+6	1.14926488888E+7	   76.1864420292	   65.6470462387	2.60314567738E+7	2.64940510262E+7	2.58833647015E+7	1.89812359266E+7	9.86382724187E+5	2.39836556915E+7	2.83790883294E+7	2.75053861042E+7	2.80806290962E+7	2.75303363127E+7	9.82838486972E+6	4.37784535203E+6	8.34646129547E+6	2.12186318377E+7	2.07708998593E+7	1.65074176492E+7	1.57708689576E+6	3.45825796932E+6
