T/R 	1         	2         	3         	4         	5         	6         	7         	8         	9         	10        	11        	12        	13        	14        	15        	16        	17        	18        	19        	20        	21        	22        	23        	24        	25
0   	    0.0000136746	    0.0000145925	    0.0000096031	    0.0000300218	    0.0000437085	    0.0000177483	    0.0000195660	    0.0000259437	    0.0000536725	    0.0000945396	    0.0000408313	    0.0000128917	    0.0000435915	    0.0000435854	    0.0001732413	    0.0000917071	    0.0000799193	    0.0001213462	    0.0002318518	    0.0003166713	8.58911136237E+6	    0.0013429880	    0.0001313113	    0.0001355964	    0.0006159228
1   	    0.0000102546	    0.0000092074	    0.0000099970	    0.0000216812	    0.0000395952	    0.0000128195	    0.0000156679	    0.0000251893	    0.0000590053	    0.0001279342	    0.0000487201	    0.0000134408	    0.0000421359	    0.0000425348	    0.0003273479	    0.0001111305	    0.0001055678	    0.0001829978	    0.0003061926	    0.0007798311	5.24368136747E+6	1.11364200440E+6	    0.0002352968	7.16469897459E+5	1.14638830302E+6
2   	    0.0000096370	    0.0000082247	    0.0000104646	    0.0000214243	    0.0000412498	    0.0000113191	    0.0000155335	    0.0000262013	    0.0000671913	    0.0001510215	    0.0000554004	    0.0000140112	    0.0000445690	    0.0000454541	    0.0004732117	    0.0001246578	    0.0001280076	    0.0002693416	    0.0004788611	    0.0020002593	    0.0014662309	7.94547300319E+6	    0.0004022238	    0.0018431279	    0.0169889420
3   	    0.0000094984	    0.0000085139	    0.0000108465	    0.0000231669	    0.0000441872	    0.0000107540	    0.0000157781	    0.0000264997	    0.0000755254	    0.0002318425	    0.0000657648	    0.0000146391	    0.0000470039	    0.0000478576	    0.0028934681	    0.0001698058	    0.0001796068	    0.0006048225	    0.0016914330	4.40986267692E+6	    0.0006450088	3.25535230614E+6	    0.0010817865	    0.0011436716	    0.0081140322
4   	    0.0000094567	    0.0000092134	    0.0000112293	    0.0000248641	    0.0000460537	    0.0000103557	    0.0000160165	    0.0000268853	    0.0000815367	    0.0003132495	    0.0000749155	    0.0000151959	    0.0000492933	    0.0000500836	1.65785411399E+6	    0.0002069004	    0.0002301261	    0.0029673074	4.29350301028E+6	1.48846741790E+6	    0.0003372028	    0.0024444747	    0.0038476970	    0.0005328854	    0.0008266816
5   	    0.0000095254	    0.0000100293	    0.0000116337	    0.0000264678	    0.0000473809	    0.0000101533	    0.0000161951	    0.0000273939	    0.0000862442	    0.0003941764	    0.0000831393	    0.0000157215	    0.0000513949	    0.0000521041	7.27233763663E+6	    0.0002397988	    0.0002775512	    0.0046132774	    0.0092331270	    0.0022597778	    0.0002106702	    0.0006130312	    0.0059980163	    0.0002373700	    0.0003162738
6   	    0.0000097029	    0.0000107646	    0.0000120802	    0.0000278867	    0.0000488868	    0.0000100598	    0.0000163566	    0.0000281306	    0.0000926368	    0.0005390909	    0.0000932817	    0.0000163065	    0.0000539767	    0.0000546188	7.10146728380E+6	    0.0002854114	    0.0003530559	    0.0079909110	    0.0032373580	    0.0010918036	    0.0001572616	    0.0003458740	    0.0103688005	    0.0001688011	    0.0002259442
7   	    0.0000099489	    0.0000114028	    0.0000125570	    0.0000292595	    0.0000508547	    0.0000100626	    0.0000165323	    0.0000290718	    0.0001013404	    0.0009080734	    0.0001064540	    0.0000169620	    0.0000571108	    0.0000576765	6.92714509812E+6	    0.0003614399	    0.0004995886	    0.0184053419	    0.0019142474	    0.0007142179	    0.0001280196	    0.0002521974	    0.0242898133	    0.0001376007	    0.0001839293
8   	    0.0000102352	    0.0000119631	    0.0000130583	    0.0000306845	    0.0000534828	    0.0000101543	    0.0000167457	    0.0000302196	    0.0001123362	    0.0019511837	    0.0001243135	    0.0000176954	    0.0000610171	    0.0000614454	3.35297371427E+6	    0.0005705799	    0.0008374232	    0.1908323625	    0.0013739604	    0.0005240406	    0.0001095423	    0.0002058089	3.39632753084E+6	    0.0001188201	    0.0001568211
9   	    0.0000105071	    0.0000124224	    0.0000135591	    0.0000318897	    0.0000556489	    0.0000102910	    0.0000168873	    0.0000313920	    0.0001229723	    0.0004495640	    0.0001438049	    0.0000184367	    0.0000650600	    0.0000653316	    0.0305082290	    0.0007948565	    0.0008971877	    0.6040602449	    0.0010624560	    0.0003902021	    0.0000951653	    0.0001713722	6.57590710211E+6	    0.0001046463	    0.0001349451
10  	    0.0000108478	    0.0000129139	    0.0000140968	    0.0000335876	    0.0000590174	    0.0000106182	    0.0000171175	    0.0000328098	    0.0001381359	2.00729240118E+6	    0.0001741425	    0.0000193060	    0.0000701163	    0.0000702683	    0.0060922144	    0.0013861095	    0.0032641143	3.08201258066E+6	    0.0009625818	    0.0003338255	    0.0000861274	    0.0001527961	1.30970625542E+6	    0.0000988619	    0.0001244564
11  	    0.0000111210	    0.0000132830	    0.0000146011	    0.0000347318	    0.0000615263	    0.0000109597	    0.0000173054	    0.0000341108	    0.0001495644	6.26287597095E+6	    0.0001981320	    0.0000200873	    0.0000744261	    0.0000744652	    0.0019816860	    0.0016596935	    0.0045716201	    0.0032637290	    0.0005837336	    0.0002533520	    0.0000766579	    0.0001307330	    0.0036044410	    0.0000876804	    0.0001076159
12  	    0.0000114244	    0.0000136516	    0.0000151160	    0.0000360248	    0.0000645667	    0.0000114080	    0.0000175361	    0.0000355453	    0.0001635648	6.12399059124E+6	    0.0002283592	    0.0000209278	    0.0000793271	    0.0000792883	    0.0010812152	    0.0020301649	    0.0087223773	    0.0012734414	    0.0004356989	    0.0002066676	    0.0000696409	    0.0001158359	    0.0017240543	    0.0000797222	    0.0000955821
13  	    0.0000117659	    0.0000140258	    0.0000156397	    0.0000374568	    0.0000681435	    0.0000119377	    0.0000178059	    0.0000370935	    0.0001804418	5.98229951698E+6	    0.0002669498	    0.0000218250	    0.0000847776	    0.0000847032	    0.0007417979	    0.0026882390	    0.0203465485	    0.0007984008	    0.0003539334	    0.0001763588	    0.0000642309	    0.0001049486	    0.0011002816	    0.0000737222	    0.0000865642
14  	    0.0000121589	    0.0000144177	    0.0000161752	    0.0000390759	    0.0000724550	    0.0000125607	    0.0000181218	    0.0000387768	    0.0002017299	2.53148453865E+6	    0.0003178711	    0.0000227877	    0.0000910221	    0.0000909838	    0.0005768594	    0.0042792785	3.30009568545E+6	    0.0006059343	    0.0003019277	    0.0001555819	    0.0000600068	    0.0000967059	    0.0008094080	    0.0000690949	    0.0000796835
15  	    0.0000125999	    0.0000148199	    0.0000167128	    0.0000407903	    0.0000772731	    0.0000132488	    0.0000184727	    0.0000405254	    0.0002251869	    0.0226188806	    0.0003771573	    0.0000237805	    0.0000976785	    0.0000977763	    0.0004610661	    0.0064061965	5.69942809480E+6	    0.0004744027	    0.0002592260	    0.0001388778	    0.0000564303	    0.0000896034	    0.0006140501	    0.0000650422	    0.0000738462
16  	    0.0000131144	    0.0000152563	    0.0000172653	    0.0000427558	    0.0000831262	    0.0000140023	    0.0000188742	    0.0000424184	    0.0002547116	    0.0104194829	    0.0004570894	    0.0000248459	    0.0001054296	    0.0001058378	    0.0003903964	    0.0115529512	5.55831591220E+6	    0.0004008426	    0.0002295991	    0.0001265951	    0.0000535943	    0.0000839940	    0.0005000733	    0.0000619098	    0.0000693340
17  	    0.0000137096	    0.0000157339	    0.0000178338	    0.0000450135	    0.0000901937	    0.0000148121	    0.0000193188	    0.0000444652	    0.0002931747	    0.0070672342	    0.0005664803	    0.0000259886	    0.0001145600	    0.0001155519	    0.0003432998	    0.0383141695	5.41435304394E+6	    0.0003549640	    0.0002079108	    0.0001172732	    0.0000513379	    0.0000794975	    0.0004265164	    0.0000594722	    0.0000658071
18  	    0.0000143865	    0.0000162497	    0.0000184194	    0.0000475686	    0.0000990081	    0.0000156826	    0.0000198145	    0.0000466964	    0.0003501621	    0.0052655756	    0.0007141198	    0.0000272136	    0.0001255665	    0.0001275395	    0.0003099067	3.76441457206E+6	1.50306741636E+6	    0.0003218446	    0.0001910757	    0.0001099939	    0.0000495432	    0.0000758483	    0.0003754854	    0.0000575420	    0.0000630103
19  	    0.0000151329	    0.0000168019	    0.0000190093	    0.0000503475	    0.0001093882	    0.0000165805	    0.0000203400	    0.0000490162	    0.0004436513	    0.0033435488	    0.0008699347	    0.0000284761	    0.0001377833	    0.0001411449	    0.0002790887	5.12667455481E+6	    0.0276670843	    0.0002890938	    0.0001753335	    0.0001034351	    0.0000479890	    0.0000725239	    0.0003302664	    0.0000557950	    0.0000605318
20  	    0.0000159636	    0.0000174125	    0.0000196187	    0.0000535749	    0.0001229631	    0.0000175201	    0.0000209098	    0.0000515496	    0.0006825347	    0.0024628602	    0.0010423052	    0.0000298329	    0.0001533394	    0.0001582039	    0.0002565032	4.98302265090E+6	    0.0127105559	    0.0002649481	    0.0001631216	    0.0000982782	    0.0000467954	    0.0000698452	    0.0002978972	    0.0000544695	    0.0000586188
21  	    0.0000168733	    0.0000180852	    0.0000202470	    0.0000573224	    0.0001412974	    0.0000184913	    0.0000215107	    0.0000543547	    0.0013646741	    0.0019249013	    0.0011897080	    0.0000312877	    0.0001770601	    0.0001816644	    0.0002389092	4.83646877199E+6	    0.0077779995	    0.0002458674	    0.0001533299	    0.0000941402	    0.0000459022	    0.0000676625	    0.0002731804	    0.0000534788	    0.0000571668
22  	    0.0000178254	    0.0000187883	    0.0000208729	    0.0000612778	    0.0001628798	    0.0000194405	    0.0000220521	    0.0000572334	    0.0026024150	    0.0015452601	    0.0021700905	    0.0000327766	    0.0002150943	    0.0002137121	    0.0002218071	4.68695430266E+6	    0.0058203904	    0.0002298475	    0.0001446578	    0.0000903441	    0.0000451681	    0.0000656546	    0.0002503107	    0.0000526673	    0.0000559625
23  	    0.0000187997	    0.0000195067	    0.0000215001	    0.0000651690	    0.0001844726	    0.0000203131	    0.0000224940	    0.0000598228	    0.0085942734	    0.0013510187	4.80201605214E+5	    0.0000342910	    0.0002611390	    0.0002468232	    0.0002050901	3.26654377663E+6	    0.0047387450	    0.0002185307	    0.0001372620	    0.0000867044	    0.0000445675	    0.0000637745	    0.0002289457	    0.0000520688	    0.0000549565
24  	    0.0000197542	    0.0000202674	    0.0000221718	    0.0000687294	    0.0002045979	    0.0000211874	    0.0000230040	    0.0000623741	    0.0171471173	    0.0008076098	4.42130232222E+6	    0.0000356958	    0.0003032537	    0.0002760029	    0.0001837963	    0.0031015218	    0.0014835554	    0.0001954333	    0.0001265968	    0.0000822264	    0.0000439176	    0.0000616463	    0.0002008762	    0.0000511135	    0.0000535852
25  	    0.0000207677	    0.0000211419	    0.0000229207	    0.0000733322	    0.0002354750	    0.0000221475	    0.0000236338	    0.0000654979	    0.0479241170	    0.0006136090	4.30590006569E+6	    0.0000372777	    0.0003725370	    0.0003386813	    0.0001702331	    0.0014446690	    0.0009342815	    0.0001801467	    0.0001190905	    0.0000790782	    0.0000436362	    0.0000601923	    0.0001831636	    0.0000505740	    0.0000527178
26  	    0.0000217489	    0.0000219888	    0.0000235188	    0.0000785648	    0.0002776039	    0.0000230438	    0.0000241754	    0.0000686568	2.32567083745E+6	    0.0004993851	1.86249576877E+6	    0.0000388677	    0.0005001524	    0.0004680802	    0.0001576129	    0.0009809934	    0.0006994513	    0.0001683574	    0.0001132133	    0.0000763738	    0.0000433709	    0.0000587167	    0.0001688042	    0.0000501364	    0.0000521005
27  	    0.0000226503	    0.0000228034	    0.0000240232	    0.0000839753	    0.0003207885	    0.0000238530	    0.0000246181	    0.0000718283	4.08126203965E+6	    0.0004026071	    0.0230355559	    0.0000403052	    0.0007037507	    0.0007599318	    0.0001443214	    0.0006865964	    0.0005277299	    0.0001560372	    0.0001072891	    0.0000736033	    0.0000430481	    0.0000570971	    0.0001546042	    0.0000495475	    0.0000514263
28  	    0.0000235801	    0.0000237134	    0.0000246731	    0.0000903187	    0.0003677981	    0.0000247269	    0.0000251344	    0.0000760144	3.97219789341E+6	    0.0003477975	    0.0098968389	    0.0000417931	    0.0010304546	    0.0013748215	    0.0001349044	    0.0005570760	    0.0004411624	    0.0001461332	    0.0001025666	    0.0000715763	    0.0000430270	    0.0000559919	    0.0001444835	    0.0000491541	    0.0000509945
29  	    0.0000245054	    0.0000246507	    0.0000254344	    0.0000965938	    0.0004087284	    0.0000255840	    0.0000255820	    0.0000803222	3.86093049522E+6	    0.0003081403	    0.0059511392	    0.0000432359	    0.0014391884	    0.0022687724	    0.0001270516	    0.0004746768	    0.0003829407	    0.0001375909	    0.0000983911	    0.0000698359	    0.0000431705	    0.0000551313	    0.0001359374	    0.0000488574	    0.0000506559
30  	    0.0000253897	    0.0000255266	    0.0000262175	    0.0001021052	    0.0004643468	    0.0000263363	    0.0000258393	    0.0000834994	3.74741534241E+6	    0.0002748870	    0.0049453229	    0.0000445789	    0.0020682711	    0.0037182566	    0.0001194880	    0.0004133567	    0.0003373164	    0.0001300084	    0.0000944519	    0.0000680758	    0.0000433373	    0.0000542842	    0.0001277593	    0.0000485691	    0.0000502924
31  	    0.0000263389	    0.0000264231	    0.0000270793	    0.0001085929	    0.0006216297	    0.0000270920	    0.0000260816	    0.0000865598	3.63160702518E+6	    0.0002514051	    0.0044362919	    0.0000460406	    0.0041809053	    0.0088606801	    0.0001134061	    0.0003750957	    0.0003067239	    0.0001241501	    0.0000912620	    0.0000666346	    0.0000436648	    0.0000536829	    0.0001211383	    0.0000484555	    0.0000500854
32  	    0.0000275386	    0.0000275167	    0.0000281376	    0.0001189308	    0.0010175727	    0.0000280557	    0.0000265011	    0.0000914791	3.45940291427E+6	    0.0002407006	    0.0037913578	    0.0000479419	    0.0230429866	37807.7018000506	    0.0001100942	    0.0003616653	    0.0002939132	    0.0001207468	    0.0000894391	    0.0000660050	    0.0000443973	    0.0000536782	    0.0001174074	    0.0000487868	    0.0000503284
33  	    0.0000287361	    0.0000285567	    0.0000292529	    0.0001256138	    0.0011968427	    0.0000289282	    0.0000270464	    0.0000964921	    0.0058371799	    0.0002152248	    0.0016002482	    0.0000493248	    0.0300086823	3.44681200099E+6	    0.0001045053	    0.0003097535	    0.0002573388	    0.0001134536	    0.0000857212	    0.0000645898	    0.0000448761	    0.0000532646	    0.0001108585	    0.0000487230	    0.0000501484
34  	    0.0000301220	    0.0000297011	    0.0000305728	    0.0001313921	    0.0012751613	    0.0000298314	    0.0000277389	    0.0001026443	    0.0022778168	    0.0001971338	    0.0009521831	    0.0000508603	    0.0351320895	3.37881843457E+6	    0.0001003862	    0.0002752525	    0.0002320585	    0.0001073879	    0.0000826594	    0.0000636182	    0.0000456146	    0.0000532111	    0.0001058626	    0.0000489548	    0.0000502559
35  	    0.0000317765	    0.0000310331	    0.0000321036	    0.0001376515	    0.0013460869	    0.0000308641	    0.0000286062	    0.0001098878	    0.0013608725	    0.0001844645	    0.0006994582	    0.0000526889	    0.0405136099	3.30945130571E+6	    0.0000975229	    0.0002523721	    0.0002147536	    0.0001026864	    0.0000803478	    0.0000631169	    0.0000466522	    0.0000535425	    0.0001022400	    0.0000495485	    0.0000507146
36  	    0.0000337005	    0.0000325584	    0.0000338288	    0.0001441845	    0.0014203473	    0.0000320138	    0.0000296594	    0.0001177986	    0.0010003106	    0.0001747072	    0.0005753133	    0.0000548271	    0.0467380181	3.23868286666E+6	    0.0000954534	    0.0002352117	    0.0002015930	    0.0000989794	    0.0000786248	    0.0000629937	    0.0000479627	    0.0000541977	    0.0000995116	    0.0000504773	    0.0000514998
37  	    0.0000358792	    0.0000342722	    0.0000357215	    0.0001507945	    0.0015094662	    0.0000332590	    0.0000308781	    0.0001258591	    0.0008148793	    0.0001665028	    0.0005022447	    0.0000572752	    0.0554641934	3.16648480770E+6	    0.0000938627	    0.0002208977	    0.0001906023	    0.0000960092	    0.0000773724	    0.0000631749	    0.0000495132	    0.0000551210	    0.0000973525	    0.0000517040	    0.0000525792
38  	    0.0000382866	    0.0000361646	    0.0000377493	    0.0001574275	    0.0016292708	    0.0000345788	    0.0000322363	    0.0001335721	    0.0006995071	    0.0001591798	    0.0004524519	    0.0000600277	    0.0705019402	3.09282824490E+6	    0.0000925611	    0.0002081254	    0.0001808388	    0.0000936094	    0.0000765105	    0.0000636071	    0.0000512697	    0.0000562670	    0.0000955663	    0.0000531874	    0.0000539177
39  	    0.0000408893	    0.0000382227	    0.0000398807	    0.0001641379	    0.0018028669	    0.0000359572	    0.0000337069	    0.0001405355	    0.0006159426	    0.0001524458	    0.0004139090	    0.0000630757	    0.1033355245	3.01768370321E+6	    0.0000914483	    0.0001963700	    0.0001718980	    0.0000916721	    0.0000759847	    0.0000642545	    0.0000532000	    0.0000576011	    0.0000940461	    0.0000548867	    0.0000554800
40  	    0.0000436532	    0.0000404347	    0.0000420925	    0.0001710709	    0.0020592878	    0.0000373879	    0.0000352694	    0.0001465625	    0.0005485442	    0.0001462346	    0.0003812081	    0.0000664112	    0.2039393960	2.94102107385E+6	    0.0000904913	    0.0001855373	    0.0001636841	    0.0000901365	    0.0000757624	    0.0000650987	    0.0000552790	    0.0000591027	    0.0000927522	    0.0000567680	    0.0000572371
41  	    0.0000465511	    0.0000427954	    0.0000443769	    0.0001784702	    0.0024326992	    0.0000388771	    0.0000369157	    0.0001518045	    0.0004914970	    0.0001406075	    0.0003523012	    0.0000700338	6.62126059565E+5	2.20068400358E+6	    0.0000897077	    0.0001757516	    0.0001562681	    0.0000889806	    0.0000758328	    0.0000661396	    0.0000574944	    0.0000607671	    0.0000916950	    0.0000588107	    0.0000591722
42  	    0.0000495527	    0.0000452985	    0.0000467325	    0.0001864246	    0.0029226130	    0.0000404382	    0.0000386447	    0.0001566458	    0.0004416883	    0.0001355210	    0.0003259279	    0.0000739057	2.78488535773E+6	    0.2508394440	    0.0000890816	    0.0001669610	    0.0001495899	    0.0000881462	    0.0000761556	    0.0000673570	    0.0000598201	    0.0000625743	    0.0000908482	    0.0000609812	    0.0000612536
43  	    0.0000526783	    0.0000479728	    0.0000492063	    0.0001955334	    0.0036157711	    0.0000421130	    0.0000404906	    0.0001621562	    0.0004009235	    0.0001312721	    0.0003033547	    0.0000780962	2.70538685126E+6	    0.1246385615	    0.0000887524	    0.0001596081	    0.0001440006	    0.0000877295	    0.0000768036	    0.0000688189	    0.0000623037	    0.0000645818	    0.0000903471	    0.0000633235	    0.0000635260
44  	    0.0000559556	    0.0000508532	    0.0000518594	    0.0002061253	    0.0046160751	    0.0000439470	    0.0000424971	    0.0001695347	    0.0003686965	    0.0001279465	    0.0002846686	    0.0000826531	2.62428227999E+6	    0.0839979803	    0.0000887966	    0.0001537682	    0.0001395781	    0.0000877664	    0.0000778120	    0.0000705703	    0.0000649842	    0.0000668325	    0.0000902590	    0.0000658730	    0.0000660239
45  	    0.0000594342	    0.0000539938	    0.0000547799	    0.0002184321	    0.0061154497	    0.0000459952	    0.0000447283	    0.0001800592	    0.0003441678	    0.0001256081	    0.0002697679	    0.0000876521	2.54153926572E+6	    0.0639809663	    0.0000892965	    0.0001494614	    0.0001363663	    0.0000883004	    0.0000792276	    0.0000726686	    0.0000679180	    0.0000693838	    0.0000906558	    0.0000686845	    0.0000687995
46  	    0.0000631821	    0.0000574672	    0.0000580751	    0.0002325671	    0.0084509117	    0.0000483157	    0.0000472639	    0.0001947093	    0.0003261631	    0.0001242898	    0.0002583188	    0.0000932014	2.45712472264E+6	    0.0517597618	    0.0000903317	    0.0001466503	    0.0001343687	    0.0000893784	    0.0000811052	    0.0000751791	    0.0000711744	    0.0000723032	    0.0000916068	    0.0000718273	    0.0000719186
47  	    0.0000672748	    0.0000613534	    0.0000618492	    0.0002486183	    0.0121092585	    0.0000509560	    0.0000501839	    0.0002135611	    0.0003132419	    0.0001239689	    0.0002497665	    0.0000994359	2.37100488754E+6	    0.0431114914	    0.0000919615	    0.0001452143	    0.0001335221	    0.0000910363	    0.0000834948	    0.0000781625	    0.0000748217	    0.0000756551	    0.0000931618	    0.0000753714	    0.0000754472
48  	    0.0000717717	    0.0000657164	    0.0000661674	    0.0002668474	    0.0173046935	    0.0000539275	    0.0000535335	    0.0002350317	    0.0003037403	    0.0001245311	    0.0002433405	    0.0001064891	2.28314531270E+6	    0.0364801501	    0.0000941970	    0.0001449108	    0.0001336606	    0.0000932763	    0.0000864188	    0.0000816511	    0.0000789030	    0.0000794773	    0.0000953243	    0.0000793625	    0.0000794270
49  	    0.0000766993	    0.0000705860	    0.0000710252	    0.0002883330	    0.0239533577	    0.0000571941	    0.0000572836	    0.0002553861	    0.0002960205	    0.0001257784	    0.0002381907	    0.0001144678	2.19351085303E+6	    0.0320406093	    0.0000969921	    0.0001453999	    0.0001345287	    0.0000960577	    0.0000898582	    0.0000856337	    0.0000834189	    0.0000837650	    0.0000980440	    0.0000838032	    0.0000838575
50  	    0.0000821075	    0.0000760112	    0.0000763769	    0.0003183163	    0.0585075448	    0.0000607468	    0.0000613737	    0.0002699064	    0.0002894176	    0.0001275973	    0.0002339822	    0.0001235743	2.10206562646E+6	    0.0303849728	    0.0001003305	    0.0001464815	    0.0001359794	    0.0000993770	    0.0000938197	    0.0000901159	    0.0000883824	    0.0000885272	    0.0001013044	    0.0000887075	    0.0000887513
51  	    0.0000880485	    0.0000820223	    0.0000821517	    0.0003694577	1.24197281939E+6	    0.0000645297	    0.0000657803	    0.0002751657	    0.0002836874	    0.0001299198	    0.0002305889	    0.0001340522	7.66800359757E+5	    0.0275871304	    0.0001042071	    0.0001480369	    0.0001379245	    0.0001032422	    0.0000983156	    0.0000951061	    0.0000938073	    0.0000937747	    0.0001051019	    0.0000940882	    0.0000941210
52  	    0.0000942843	    0.0000884595	    0.0000880737	    0.0004660962	1.92344768536E+6	    0.0000684681	    0.0000703776	    0.0002686273	    0.0002760672	    0.0001321149	    0.0002261961	    0.0001453971	    0.0405480700	    0.0145573116	    0.0001082266	    0.0001492404	    0.0001396506	    0.0001072715	    0.0001029947	    0.0001002689	    0.0000993664	    0.0000991809	    0.0001090360	    0.0000996155	    0.0000996371
53  	    0.0001011794	    0.0000955996	    0.0000943615	    0.0006683082	1.83639855498E+6	    0.0000726703	    0.0000752280	    0.0002587284	    0.0002700948	    0.0001349092	    0.0002231122	    0.0001585560	    0.0206591193	    0.0099169298	    0.0001128516	    0.0001510447	    0.0001419789	    0.0001119212	    0.0001082682	    0.0001059861	    0.0001054357	    0.0001051187	    0.0001135778	    0.0001056626	    0.0001056754
54  	    0.0001088631	    0.0001035548	    0.0001011562	    0.0009719096	1.74759089909E+6	    0.0000772090	    0.0000803052	    0.0002499611	    0.0002658393	    0.0001384323	    0.0002214501	    0.0001739657	    0.0141422377	    0.0076836299	    0.0001181901	    0.0001535969	    0.0001450443	    0.0001172949	    0.0001142370	    0.0001123593	    0.0001121215	    0.0001116916	    0.0001188347	    0.0001123321	    0.0001123402
55  	    0.0001178633	    0.0001128232	    0.0001088860	    0.0021848604	1.65698920271E+6	    0.0000825247	    0.0000862367	    0.0002314368	    0.0002650681	    0.0001433212	    0.0002224734	    0.0001932642	    0.0116610891	    0.0069404383	    0.0001247377	    0.0001576526	    0.0001495330	    0.0001238824	    0.0001213738	    0.0001198544	    0.0001198966	    0.0001193655	    0.0001253072	    0.0001200936	    0.0001201027
56  	    0.0001300293	    0.0001252124	    0.0001188604	    0.0195088588	1.56455721313E+6	    0.0000900903	    0.0000960790	    0.0004389309	    0.0002740158	    0.0001517216	    0.0002306491	    0.0002201756	    0.0095272041	    0.0065237079	    0.0001341951	    0.0001657505	    0.0001577546	    0.0001333676	    0.0001313160	    0.0001300867	    0.0001303906	    0.0001297503	    0.0001347099	    0.0001305798	    0.0001305968
57  	    0.0001396108	    0.0001351398	    0.0001278629	    0.0244531682	1.39313138899E+6	    0.0000944369	    0.0001009812	    0.0007241800	    0.0002684178	    0.0001566768	    0.0002289397	    0.0002404833	    0.0065736100	    0.0044792750	    0.0001412334	    0.0001694364	    0.0001621308	    0.0001404600	    0.0001389501	    0.0001380413	    0.0001385597	    0.0001378600	    0.0001416684	    0.0001387495	    0.0001387676
58  	    0.0001493134	    0.0001455004	    0.0001375231	1.40176111526E+6	    0.0107351493	    0.0000996738	    0.0001059997	    0.0009886280	    0.0002625232	    0.0001617073	    0.0002269982	    0.0002618174	    0.0035658919	    0.0027914015	    0.0001483236	    0.0001731486	    0.0001665671	    0.0001476015	    0.0001465855	    0.0001459512	    0.0001466389	    0.0001459036	    0.0001486823	    0.0001468390	    0.0001468579
59  	    0.0001571154	    0.0001540920	    0.0001461899	1.36221504094E+6	    0.0030012314	    0.0001050271	    0.0001101137	    0.0002332909	    0.0002517658	    0.0001647779	    0.0002212976	    0.0002780002	    0.0018245013	    0.0015904210	    0.0001536461	    0.0001746256	    0.0001689382	    0.0001529858	    0.0001524203	    0.0001520219	    0.0001528224	    0.0001520898	    0.0001539265	    0.0001530321	    0.0001530508
60  	    0.0001668814	    0.0001645479	    0.0001566161	1.32186963962E+6	    0.0017309955	    0.0001123983	    0.0001165743	    0.0029188077	    0.0002474342	    0.0001702744	    0.0002203710	    0.0002984846	    0.0012981120	    0.0011828881	    0.0001609082	    0.0001789012	    0.0001738963	    0.0001603037	    0.0001601093	    0.0001598947	    0.0001608054	    0.0001600655	    0.0001611288	    0.0001610187	    0.0001610442
61  	    0.0001780458	    0.0001763402	    0.0001684687	1.28070919468E+6	    0.0012349925	    0.0001211845	    0.0001245356	    0.0161759000	    0.0002467480	    0.0001774723	    0.0002222997	    0.0003196503	    0.0010432600	    0.0009754184	    0.0001695706	    0.0001850879	    0.0001806494	    0.0001690205	    0.0001691462	    0.0001690813	    0.0001701059	    0.0001693494	    0.0001697449	    0.0001703182	    0.0001703532
62  	    0.0001874081	    0.0001862793	    0.0001792954	1.23871727319E+6	    0.0009371547	    0.0001288771	    0.0001289744	    0.0102669895	    0.0002435127	    0.0001833518	    0.0002221026	    0.0003372828	    0.0008505822	    0.0008096629	    0.0001769292	    0.0001898541	    0.0001860508	    0.0001764423	    0.0001768454	    0.0001769024	    0.0001780154	    0.0001772608	    0.0001770627	    0.0001782169	    0.0001782578
63  	    0.0001984913	    0.0001978597	    0.0001917795	1.19587702037E+6	    0.0008146870	    0.0001388445	    0.0001339331	    0.0405203502	    0.0002440066	    0.0001911659	    0.0002249402	    0.0003638930	    0.0007564618	    0.0007260300	    0.0001859588	    0.0001967536	    0.0001934731	    0.0001855397	    0.0001861875	    0.0001863473	    0.0001875635	    0.0001867970	    0.0001860663	    0.0001877429	    0.0001877951
64  	    0.0002096966	    0.0002094555	    0.0002045472	5.06309830093E+5	    0.0007268017	    0.0001491283	    0.0001394210	6.45861582007E+5	    0.0002454334	    0.0001994241	    0.0002285306	    0.0003914284	    0.0006821258	    0.0006588690	    0.0001952820	    0.0002041811	    0.0002013793	    0.0001949406	    0.0001958000	    0.0001960436	    0.0001973622	    0.0001965822	    0.0001953756	    0.0001975091	    0.0001975748
65  	    0.0002172101	    0.0002173875	    0.0002139093	    0.0164488577	    0.0006203527	    0.0001577624	    0.0001440633	1.13292873350E+6	    0.0002432292	    0.0002047329	    0.0002287565	    0.0004050893	    0.0005921744	    0.0005763658	    0.0002015778	    0.0002086386	    0.0002063371	    0.0002013226	    0.0002023334	    0.0002026256	    0.0002040056	    0.0002032366	    0.0002016652	    0.0002041163	    0.0002041861
66  	    0.0002250328	    0.0002255386	    0.0002233727	    0.0088825898	    0.0005535504	    0.0001669041	    0.0001490974	1.11329735190E+6	    0.0002428652	    0.0002106732	    0.0002304053	    0.0004195517	    0.0005309343	    0.0005193543	    0.0002083010	    0.0002138828	    0.0002119928	    0.0002081439	    0.0002092802	    0.0002096053	    0.0002110502	    0.0002102847	    0.0002083972	    0.0002111177	    0.0002111938
67  	    0.0002332119	    0.0002339704	    0.0002329708	    0.0059378920	    0.0005084649	    0.0001766410	    0.0001546352	1.09326938525E+6	    0.0002441265	    0.0002172294	    0.0002333358	    0.0004348044	    0.0004871157	    0.0004781683	    0.0002154733	    0.0002198731	    0.0002183192	    0.0002154318	    0.0002166758	    0.0002170216	    0.0002185396	    0.0002177672	    0.0002155948	    0.0002185567	    0.0002186400
68  	    0.0002418083	    0.0002427575	    0.0002427594	    0.0044428719	    0.0004763058	    0.0001871074	    0.0001607735	1.07283682527E+6	    0.0002468678	    0.0002244053	    0.0002374481	    0.0004510089	    0.0004546803	    0.0004475167	    0.0002231297	    0.0002265913	    0.0002253101	    0.0002232264	    0.0002245660	    0.0002249231	    0.0002265244	    0.0002257328	    0.0002232942	    0.0002264836	    0.0002265740
69  	    0.0002508504	    0.0002519373	    0.0002527708	    0.0035518328	    0.0004522550	    0.0001984063	    0.0001675826	1.05199149952E+6	    0.0002509520	    0.0002321854	    0.0002426377	    0.0004682621	    0.0004300200	    0.0004241702	    0.0002312801	    0.0002340028	    0.0002329411	    0.0002315421	    0.0002329686	    0.0002333294	    0.0002350252	    0.0002342005	    0.0002315071	    0.0002349179	    0.0002350154
70  	    0.0002603608	    0.0002615370	    0.0002630365	    0.0029635545	    0.0004336754	    0.0002106082	    0.0001751282	1.03072506989E+6	    0.0002562722	    0.0002405578	    0.0002488218	    0.0004866302	    0.0004109789	    0.0004061672	    0.0002399329	    0.0002420804	    0.0002411935	    0.0002403908	    0.0002418973	    0.0002422555	    0.0002440567	    0.0002431838	    0.0002402429	    0.0002438734	    0.0002439777
71  	    0.0002703851	    0.0002716050	    0.0002736160	    0.0025474557	    0.0004191973	    0.0002237636	    0.0001834971	1.00902902967E+6	    0.0002627698	    0.0002495391	    0.0002559639	    0.0005061889	    0.0003963184	    0.0003923686	    0.0002491203	    0.0002508288	    0.0002500778	    0.0002498071	    0.0002513879	    0.0002517383	    0.0002536554	    0.0002527178	    0.0002495347	    0.0002533861	    0.0002534969
72  	    0.0002810167	    0.0002822372	    0.0002846215	    0.0022387076	    0.0004081879	    0.0002379240	    0.0001928199	9.86894700212E+5	    0.0002704477	    0.0002591936	    0.0002640886	    0.0005270605	    0.0003853853	    0.0003821729	    0.0002589192	    0.0002603037	    0.0002596542	    0.0002598705	    0.0002615213	    0.0002618596	    0.0002639029	    0.0002628820	    0.0002594605	    0.0002635372	    0.0002636547
73  	    0.0002924083	    0.0002935917	    0.0002962312	    0.0020016424	    0.0004004252	    0.0002531654	    0.0002032837	9.64313227518E+5	    0.0002793736	    0.0002696426	    0.0002732860	    0.0005494429	    0.0003778898	    0.0003753192	    0.0002694613	    0.0002706195	    0.0002700403	    0.0002707161	    0.0002724345	    0.0002727575	    0.0002749374	    0.0002738125	    0.0002701537	    0.0002744652	    0.0002745898
74  	    0.0003047680	    0.0003058863	    0.0003086853	    0.0018149236	    0.0003958880	    0.0002696019	    0.0002151328	9.41275578706E+5	    0.0002896700	    0.0002810590	    0.0002837015	    0.0005736220	    0.0003737475	    0.0003717425	    0.0002809288	    0.0002819436	    0.0002814055	    0.0002825307	    0.0002843171	    0.0002846227	    0.0002869509	    0.0002856976	    0.0002817991	    0.0002863626	    0.0002864949
75  	    0.0003183374	    0.0003193775	    0.0003222632	    0.0016648649	    0.0003946146	    0.0002873828	    0.0002286527	9.17772538407E+5	    0.0003014916	    0.0002936465	    0.0002955124	    0.0005999644	    0.0003729593	    0.0003714609	    0.0002935341	    0.0002944743	    0.0002939506	    0.0002955331	    0.0002973912	    0.0002976788	    0.0003001681	    0.0002987582	    0.0002946128	    0.0002994559	    0.0002995963
76  	    0.0003333560	    0.0003343229	    0.0003372448	    0.0015422208	    0.0003966087	    0.0003066679	    0.0002441392	8.93794705090E+5	    0.0003149910	    0.0003076083	    0.0003088944	    0.0006288895	    0.0003755228	    0.0003744880	    0.0003074878	    0.0003084097	    0.0003078753	    0.0003099425	    0.0003118791	    0.0003121492	    0.0003148143	    0.0003132146	    0.0003088102	    0.0003139717	    0.0003141205
77  	    0.0003500235	    0.0003509411	    0.0003538681	    0.0014406157	    0.0004017886	    0.0003275904	    0.0002618581	8.69332487299E+5	    0.0003302852	    0.0003231130	    0.0003239891	    0.0006608305	    0.0003813749	    0.0003807773	    0.0003229653	    0.0003239131	    0.0003233454	    0.0003259430	    0.0003279676	    0.0003282221	    0.0003310777	    0.0003292507	    0.0003245722	    0.0003301013	    0.0003302582
78  	    0.0003684729	    0.0003693800	    0.0003722969	    0.0013557521	    0.0004099826	    0.0003502245	    0.0002820099	8.44376099827E+5	    0.0003474335	    0.0003402722	    0.0003408820	    0.0006962032	    0.0003903751	    0.0003902021	    0.0003400830	    0.0003410908	    0.0003404693	    0.0003436599	    0.0003457832	    0.0003460246	    0.0003490843	    0.0003469882	    0.0003420207	    0.0003479740	    0.0003481380
79  	    0.0003887645	    0.0003897079	    0.0003926100	    0.0012848868	    0.0004209580	    0.0003745705	    0.0003047091	8.18915559794E+5	    0.0003664359	    0.0003591359	    0.0003596012	    0.0007353993	    0.0004023199	    0.0004025698	    0.0003588940	    0.0003599880	    0.0003592946	    0.0003631535	    0.0003653856	    0.0003656171	    0.0003688901	    0.0003664809	    0.0003612135	    0.0003676507	    0.0003678199
80  	    0.0004108934	    0.0004119186	    0.0004148074	    0.0012262582	    0.0004344582	    0.0004005581	    0.0003299776	7.92940682660E+5	    0.0003872462	    0.0003797016	    0.0003801275	    0.0007788139	    0.0004169710	    0.0004176482	    0.0003793970	    0.0003805983	    0.0003798170	    0.0003844272	    0.0003867759	    0.0003870005	    0.0003904891	    0.0003877227	    0.0003821530	    0.0003891310	    0.0003893032
81  	    0.0004347936	    0.0004359348	    0.0004388121	    0.0011783868	    0.0004502176	    0.0004280481	    0.0003577355	7.66441078147E+5	    0.0004097814	    0.0004019219	    0.0004024030	    0.0008268974	    0.0004340686	    0.0004351804	    0.0004015432	    0.0004028712	    0.0004019883	    0.0004074341	    0.0004099034	    0.0004101231	    0.0004138191	    0.0004106541	    0.0004047924	    0.0004123594	    0.0004125321
82  	    0.0004603271	    0.0004615979	    0.0004644603	    0.0011394727	    0.0004679548	    0.0004568214	    0.0003877791	7.39406146082E+5	    0.0004339208	    0.0004257014	    0.0004263285	    0.0008802265	    0.0004533280	    0.0004548816	    0.0004252341	    0.0004267097	    0.0004257131	    0.0004320735	    0.0004346615	    0.0004348765	    0.0004387572	    0.0004351591	    0.0004290329	    0.0004372206	    0.0004373916
83  	    0.0004872943	    0.0004886797	    0.0004915129	    0.0011073422	    0.0004873951	    0.0004865910	    0.0004197826	7.11825072161E+5	    0.0004595220	    0.0004509124	    0.0004517787	    0.0009395964	    0.0004744624	    0.0004764630	    0.0004503366	    0.0004519854	    0.0004508647	    0.0004582061	    0.0004609036	    0.0004611106	    0.0004651356	    0.0004610805	    0.0004547388	    0.0004635549	    0.0004637231
84  	    0.0005155541	    0.0005170076	    0.0005197832	    0.0010803014	    0.0005084175	    0.0005171362	    0.0004534283	6.83686823608E+5	    0.0004865298	    0.0004775000	    0.0004787068	    0.0010061439	    0.0004973184	    0.0004997672	    0.0004767896	    0.0004786442	    0.0004773902	    0.0004857635	    0.0004885542	    0.0004887457	    0.0004928556	    0.0004883326	    0.0004818456	    0.0004912717	    0.0004914377
85  	    0.0005453250	    0.0005467753	    0.0005494562	    0.0010585806	    0.0005313640	    0.0005486384	    0.0004887622	6.54980144735E+5	    0.0005152327	    0.0005057345	    0.0005073934	    0.0010814799	    0.0005221691	    0.0005250603	    0.0005048584	    0.0005069580	    0.0005055611	    0.0005150107	    0.0005178751	    0.0005180401	    0.0005221622	    0.0005171691	    0.0005106185	    0.0005206222	    0.0005207887
86  	    0.0005775494	    0.0005789198	    0.0005814739	    0.0010450884	    0.0005573463	    0.0005820910	    0.0005266551	6.25693552411E+5	    0.0005465600	    0.0005365048	    0.0005387373	    0.0011677736	    0.0005500187	    0.0005533385	    0.0005354304	    0.0005378179	    0.0005362664	    0.0005468560	    0.0005497790	    0.0005499074	    0.0005539670	    0.0005484975	    0.0005419576	    0.0005525225	    0.0005526939
87  	    0.0006139641	    0.0006151989	    0.0006176177	    0.0010441519	    0.0005881976	    0.0006193850	    0.0005689517	5.95815331468E+5	    0.0005821153	    0.0005713610	    0.0005742937	    0.0012677945	    0.0005825834	    0.0005863142	    0.0005700590	    0.0005727743	    0.0005710524	    0.0005829016	    0.0005858806	    0.0005859683	    0.0005899010	    0.0005839278	    0.0005774450	    0.0005886078	    0.0005887890
88  	    0.0006566177	    0.0006577010	    0.0006600102	    0.0010586413	    0.0006259002	    0.0006627754	    0.0006179592	5.65333530069E+5	    0.0006237413	    0.0006120961	    0.0006158590	    0.0013850748	    0.0006217636	    0.0006258921	    0.0006105439	    0.0006136191	    0.0006117067	    0.0006250133	    0.0006280615	    0.0006281142	    0.0006318680	    0.0006253340	    0.0006189204	    0.0006307906	    0.0006309848
89  	    0.0007070931	    0.0007080487	    0.0007103002	    0.0010877947	    0.0006718441	    0.0007140041	    0.0006755021	5.34235955000E+5	    0.0006728604	    0.0006601012	    0.0006648313	    0.0015244677	    0.0006689231	    0.0006734478	    0.0006582808	    0.0006617398	    0.0006596147	    0.0006746468	    0.0006777870	    0.0006778186	    0.0006813419	    0.0006741670	    0.0006678163	    0.0006805606	    0.0006807685
90  	    0.0007660784	    0.0007669506	    0.0007692006	    0.0011276865	    0.0007265362	    0.0007737946	    0.0007422877	5.02510166829E+5	    0.0007301461	    0.0007160371	    0.0007218897	    0.0016934557	    0.0007245773	    0.0007295121	    0.0007139274	    0.0007177942	    0.0007154345	    0.0007324936	    0.0007357475	    0.0007357732	    0.0007389944	    0.0007310952	    0.0007248128	    0.0007386119	    0.0007388319
91  	    0.0008336834	    0.0008345123	    0.0008367977	    0.0011738414	    0.0007900416	    0.0008421682	    0.0008181319	4.70143474886E+5	    0.0007958548	    0.0007801467	    0.0007873113	    0.0019045007	    0.0007887947	    0.0007941675	    0.0007777134	    0.0007820249	    0.0007794102	    0.0007987946	    0.0008021727	    0.0008022016	    0.0008050110	    0.0007963193	    0.0007901487	    0.0008051553	    0.0008053863
92  	    0.0009103635	    0.0009111702	    0.0009134962	    0.0012240436	    0.0008629247	    0.0009194344	    0.0009029864	4.37122932100E+5	    0.0008706771	    0.0008530834	    0.0008618030	    0.0021783218	    0.0008621125	    0.0008679640	    0.0008502698	    0.0008550901	    0.0008521985	    0.0008741960	    0.0008776948	    0.0008777243	    0.0008799656	    0.0008704331	    0.0008644667	    0.0008807907	    0.0008810343
93  	    0.0009981570	    0.0009989438	    0.0010012901	    0.0012803178	    0.0009473737	    0.0010075209	    0.0009984253	4.03435329716E+5	    0.0009568481	    0.0009369977	    0.0009475909	    0.0025469461	    0.0009466645	    0.0009530515	    0.0009337192	    0.0009391488	    0.0009359515	    0.0009608823	    0.0009644895	    0.0009645057	    0.0009659759	    0.0009555591	    0.0009499289	    0.0009676649	    0.0009679278
94  	    0.0011017377	    0.0011025008	    0.0011048418	    0.0013493994	    0.0010480824	    0.0011110925	    0.0011089375	3.69067191954E+5	    0.0010590785	    0.0010364516	    0.0010493433	    0.0030527868	    0.0010470839	    0.0010540916	    0.0010325934	    0.0010387741	    0.0010352269	    0.0010635378	    0.0010672436	    0.0010672272	    0.0010676770	    0.0010563041	    0.0010511619	    0.0010704543	    0.0010707489
95  	    0.0012284559	    0.0012291985	    0.0012315220	    0.0014407876	    0.0011722520	    0.0012375708	    0.0012419713	3.34004770693E+5	    0.0011846073	    0.0011584695	    0.0011742331	    0.0037250726	    0.0011705162	    0.0011782735	    0.0011538833	    0.0011610014	    0.0011570383	    0.0011894061	    0.0011932104	    0.0011931443	    0.0011922658	    0.0011798053	    0.0011753145	    0.0011964211	    0.0011967656
96  	    0.0013879609	    0.0013886966	    0.0013910075	    0.0015648523	    0.0013293167	    0.0013966750	    0.0014073697	2.98234040246E+5	    0.0013429283	    0.0013122641	    0.0013316807	    0.0044097034	    0.0013263306	    0.0013350256	    0.0013067562	    0.0013150541	    0.0013105821	    0.0013479959	    0.0013519083	    0.0013517809	    0.0013491733	    0.0013354173	    0.0013317690	    0.0013550971	    0.0013555156
97  	    0.0015910455	    0.0015917981	    0.0015940981	    0.0017309487	    0.0015301553	    0.0015991395	    0.0016158693	2.61740692873E+5	    0.0015449058	    0.0015083683	    0.0015324912	    0.0038210181	    0.0015252723	    0.0015351570	    0.0015016721	    0.0015114762	    0.0015063761	    0.0015501355	    0.0015541614	    0.0015539540	    0.0015490645	    0.0015337462	    0.0015312216	    0.0015572878	    0.0015578137
98  	    0.0018614822	    0.0018623001	    0.0018645797	    0.0019617162	    0.0017988296	    0.0018686329	    0.0018909477	2.24510130801E+5	    0.0018146885	    0.0017701876	    0.0018006522	    0.0767278289	    0.0017911733	    0.0018026340	    0.0017618881	    0.0017737125	    0.0017677957	    0.0018198850	    0.0018240321	    0.0018236919	    0.0018156756	    0.0017983930	    0.0017974350	    0.0018269854	    0.0018276793
99  	    0.0022543104	    0.0022552972	    0.0022576623	    0.0023156326	    0.0021885634	    0.0022606894	    0.0022888958	1.86527415287E+5	    0.0022062650	    0.0021500261	    0.0021897002	    0.0405233521	    0.0021771356	    0.0021908980	    0.0021395128	    0.0021541276	    0.0021470395	    0.0022114233	    0.0022157555	    0.0022152805	    0.0022027847	    0.0021826664	    0.0021838222	    0.0022185281	    0.0022194816
100 	    0.0027690083	    0.0027702790	    0.0027728224	    0.0027889208	    0.0026994778	    0.0027745381	    0.0028091659	73641.7650784530	    0.0027194577	    0.0026474621	    0.0026995534	74135.7167437058	    0.0026831611	    0.0026999342	    0.0026341023	    0.0026522274	    0.0026436626	    0.0027244675	    0.0027289441	    0.0027283778	    0.0027096826	    0.0026859905	    0.0026900973	    0.0027315088	    0.0027328116
101 	    0.0031035327	    0.0031048480	    0.0031073042	    0.0030806128	    0.0030368376	    0.0031060562	    0.0031412532	    0.0217035045	    0.0030554314	    0.0029727917	    0.0030340079	1.32363814077E+5	    0.0030162693	    0.0030347997	    0.0029571077	    0.0029777648	    0.0029684539	    0.0030596266	    0.0030637835	    0.0030632108	    0.0030387943	    0.0030134587	    0.0030210048	    0.0030659480	    0.0030674888
102 	    0.0035371864	    0.0035385807	    0.0035411330	    0.0034828662	    0.0034714545	    0.0035371615	    0.0035727234	    0.0122809501	    0.0034899371	    0.0033934219	    0.0034663424	1.16638806853E+5	    0.0034468755	    0.0034676348	    0.0033749735	    0.0033986161	    0.0033883492	    0.0034934099	    0.0034971733	    0.0034967017	    0.0034650192	    0.0034375325	    0.0034492274	    0.0034989641	    0.0035008199
103 	    0.0041598514	    0.0041614287	    0.0041643300	    0.0040818036	    0.0040923750	    0.0041577035	    0.0041953143	    0.0097519589	    0.0041129245	    0.0039966499	    0.0040860275	1.00596116540E+5	    0.0040636725	    0.0040876448	    0.0039744866	    0.0040021263	    0.0039904964	    0.0041157158	    0.0041189967	    0.0041187189	    0.0040770156	    0.0040463565	    0.0040635652	    0.0041203618	    0.0041226793
104 	    0.0050286869	    0.0050305573	    0.0050340476	    0.0049301206	    0.0049576949	    0.0050241538	    0.0050653842	    0.0088446943	    0.0049822391	    0.0048384686	    0.0049507613	84229.3310930622	    0.0049244832	    0.0049528604	    0.0048112181	    0.0048442687	    0.0048307965	    0.0049841332	    0.0049867140	    0.0049867497	    0.0049311100	    0.0048961148	    0.0049209619	    0.0049874980	    0.0049904746
105 	    0.0063126845	    0.0063150420	    0.0063193733	    0.0061941238	    0.0062375613	    0.0063044769	    0.0063507676	    0.0088716887	    0.0062682466	    0.0060837899	    0.0062300767	67531.8971628557	    0.0061987240	    0.0062334255	    0.0060489864	    0.0060900344	    0.0060738962	    0.0062684502	    0.0062699155	    0.0062703906	    0.0061941214	    0.0061528959	    0.0061891663	    0.0062696959	    0.0062736849
106 	    0.0084026328	    0.0084058586	    0.0084116140	    0.0082599709	    0.0083210327	    0.0083886883	    0.0084430281	    0.0099656491	    0.0083621505	    0.0081113361	    0.0083131615	50497.1207947263	    0.0082743137	    0.0083190848	    0.0080643329	    0.0081182176	    0.0080978127	    0.0083594162	    0.0083589842	    0.0083602254	    0.0082504401	    0.0081991981	    0.0082540828	    0.0083570924	    0.0083627592
107 	    0.0124262872	    0.0124312687	    0.0124396691	    0.0122529206	    0.0123361515	    0.0124003098	    0.0124673671	    0.0130871691	    0.0123957623	    0.0120176765	    0.0123262538	33118.1459946034	    0.0122755038	    0.0123390110	    0.0119469473	    0.0120258293	    0.0119972763	    0.0123866900	    0.0123825074	    0.0123851482	    0.0122109959	    0.0121407264	    0.0122316665	    0.0123771319	    0.0123860994
108 	    0.0259927047	    0.0260040345	    0.0260214199	    0.0257299205	    0.0258744967	    0.0259275743	    0.0260403376	    0.0260255732	    0.0259967489	    0.0251913346	    0.0258576780	15387.8018471136	    0.0257679716	    0.0258940724	    0.0250405072	    0.0252043443	    0.0251479822	    0.0259663590	    0.0259500959	    0.0259570707	    0.0255686384	    0.0254333522	    0.0256442023	    0.0259327249	    0.0259529730
109 	   18.4724040014	   18.4815054351	   18.4938188887	   18.3611978255	   18.4345414457	   18.4194821876	   18.4822292090	   18.4047520665	   18.5234478805	   17.9317228373	   18.4275384254	   19.3988130634	   18.3745449680	   18.4606698211	   17.8224251105	   17.9376343124	   17.8996888840	   18.4924681475	   18.4752393498	   18.4815749028	   18.1862882300	   18.0972375953	   18.2628774694	   18.4587084114	   18.4742534755
110 	   18.6365939342	   18.6444870844	   18.6592221076	   18.5322724249	   18.5933936024	   18.5853425645	   18.6450142009	   18.5202606599	   18.6906846607	   18.0910201090	   18.6000373878	   18.9549586531	   18.5507061549	   18.6341268765	   17.9819633150	   18.0925263367	   18.0574446675	   18.6603502547	   18.6388383162	   18.6482227695	   18.3378092796	   18.2546144132	   18.4316688114	   18.6228651291	   18.6383117683
111 	   18.8258582741	   18.8324713674	   18.8497244228	   18.7299830741	   18.7770871104	   18.7764293865	   18.8328501571	   18.6641142949	   18.8830847583	   18.2749535864	   18.7978856301	   19.0755864750	   18.7519250896	   18.8325502122	   18.1661551467	   18.2719296802	   18.2397162573	   18.8532641036	   18.8274650203	   18.8399304874	   18.5146864566	   18.4371638025	   18.6257374013	   18.8121204193	   18.8274226527
112 	   19.0155890653	   19.0208360355	   19.0406820852	   18.9294827400	   18.9610850084	   18.9681958473	   19.0211091684	   18.8086042512	   19.0759970700	   18.4595952343	   18.9965282079	   19.2456119985	   18.9536222534	   19.0312731322	   18.3511696484	   18.4519090180	   18.4225951002	   19.0465522195	   19.0165038900	   19.0320622932	   18.6927109770	   18.6207454450	   18.8207541307	   19.0018857020	   19.0169718707
113 	   19.2079200881	   19.2117133272	   19.2342243911	   19.1324939149	   19.1475290099	   19.1627609571	   19.2119211534	   18.9548667060	   19.2715929921	   18.6469776443	   19.1980896659	   19.3822350980	   19.1578291896	   19.2323669168	   18.5389672491	   18.6344951861	   18.6080848587	   19.2423294173	   19.2080844986	   19.2267383755	   18.8739865679	   18.8074112949	   19.0188317491	   19.1942937776	   19.2090889722
114 	   19.4028969099	   19.4051463228	   19.4303897205	   19.3386802798	   19.3364742905	   19.3601600866	   19.4053273025	   19.1031717831	   19.4699538263	   18.8371125850	   19.4026084016	   19.4843529939	   19.3645058034	   19.4358240933	   18.7294872183	   18.8196976386	   18.7961715009	   19.4406196366	   19.4022478118	   19.4239894180	   19.0585525260	   18.9971645423	   19.2200186304	   19.3893903353	   19.4038147723
115 	   19.5999033443	   19.6005163212	   19.6285535858	   19.5470824734	   19.5273145610	   19.5597670671	   19.6007074075	   19.2534368800	   19.6705007053	   19.0293769700	   19.6094581979	   19.5828480793	   19.5729581000	   19.6409827019	   18.9220251631	   19.0068916200	   18.9862074433	   19.6407838559	   19.5983730614	   19.6231837275	   19.2457892563	   19.1893580964	   19.4237079577	   19.5865593675	   19.6005280915
116 	   19.7985657292	   19.7974474165	   19.8283341602	   19.7570308559	   19.7196845838	   19.7611962889	   19.7976843756	   19.4057593190	   19.8729014557	   19.2233919880	   19.8182512211	   19.6970924589	   19.7827397023	   19.8474309333	   19.1161074924	   19.1956971676	   19.1777894559	   19.8424261155	   19.7960821730	   19.8239325003	   19.4353075572	   19.3835809482	   19.6295324513	   19.7854268183	   19.7988502045
117 	   19.9987583119	   19.9958118607	   20.0295977746	   19.9681581667	   19.9134659833	   19.9643083239	   19.9961295719	   19.5602900120	   20.0770757336	   19.4190295830	   20.0288435236	   19.8345935497	   19.9936578513	   20.0550123935	   19.3114987796	   19.3859856090	   19.3707656138	   20.0453993157	   19.9952452147	   20.0260955038	   19.6269541082	   19.5796643499	   19.8373697771	   19.9858659988	   19.9986503134
118 	   20.2005012489	   20.1956280612	   20.2323568561	   20.1802999670	   20.1086860178	   20.1691083712	   20.1960608082	   19.7171275288	   20.2830922481	   19.6163145443	   20.2412330115	   19.9958906067	   20.2056718206	   20.2637234917	   19.5081056389	   19.5777818702	   19.5651381254	   20.2497033341	   20.1958784786	   20.2296791940	   19.8207118192	   19.7775829783	   20.0472414123	   20.1878956941	   20.1999436355
119 	   20.4038892438	   20.3969892615	   20.4366985292	   20.3934214801	   20.3054468886	   20.3756752234	   20.3975710132	   19.8763102952	   20.4910965681	   19.8153561540	   20.4554878735	   20.1779345267	   20.4188215111	   20.4736412466	   19.7059102840	   19.7711964293	   19.7609956919	   20.4554137618	   20.3980732183	   20.4347654461	   20.0166305558	   19.9773861615	   20.2592416449	   20.3916088877	   20.4028201380
120 	   20.6090433642	   20.6000154351	   20.6427364183	   20.6075646396	   20.5038781150	   20.5841133263	   20.6007801011	   20.0378448756	   20.7012620535	   20.0163021195	   20.6716980992	   20.3763444974	   20.6331789369	   20.6848741611	   19.9049265448	   19.9663796002	   19.9584681200	   20.6626338164	   20.6019475789	   20.6414634520	   20.2147808031	   20.1791518166	   20.4734893864	   20.5971246484	   20.6073964597
121 	   20.8160812266	   20.8048235688	   20.8505808406	   20.8228116740	   20.7041071571	   20.7945231491	   20.8058052205	   20.2017349856	   20.9137591056	   20.2193100954	   20.8899453511	   20.5867968492	   20.8488179181	   20.8975314371	   20.1051736704	   20.1634934194	   20.1576984842	   20.8714646364	   20.8076169031	   20.8498799856	   20.4152254660	   20.3829583575	   20.6900980855	   20.8045583742	   20.8137862063
122 	   21.0251016867	   21.0115124645	   21.0603235276	   21.0392623150	   20.9062444196	   21.0069860231	   21.0127455084	   20.3680018445	   21.1287388812	   20.4245330242	   21.1102873850	   20.8057362854	   21.0657982170	   21.1117067261	   20.3066641566	   20.3626973355	   20.3588290557	   21.0819901003	   21.0151785444	   21.0601041783	   20.6180059689	   20.5888707685	   20.9091599713	   21.0140065332	   21.0220847540
123 	   21.2361799907	   21.2201580070	   21.2720328258	   21.2570213165	   21.1103785994	   21.2215594249	   21.2216773031	   20.5366979036	   21.3463274339	   20.6321143541	   21.3327530199	   21.0305980878	   21.2841601389	   21.3274724074	   20.5094016510	   20.5641437397	   20.5619970452	   21.2942721252	   21.2247071394	   21.2722027622	   20.8231386567	   20.7969368714	   21.1307406606	   21.2255418608	   21.2323645145
124 	   21.4493694766	   21.4308149816	   21.4857554615	   21.4761928893	   21.3165784788	   21.4382788076	   21.4326559011	   20.7079168323	   21.5666263788	   20.8421893242	   21.5573437701	   21.2597230240	   21.5039257268	   21.5448804963	   20.7133851020	   20.7679795156	   20.7673363415	   21.5083525260	   21.4362564243	   21.4862218639	   21.0306176445	   21.0071899404	   21.3548802868	   21.4392151059	   21.4446767473
125 	   21.6647064117	   21.6435220221	   21.7015214488	   21.6968789704	   21.5248977694	   21.6571625717	   21.6457204400	   20.8818000934	   21.7897166728	   21.0548889940	   21.7840387356	   21.4921262579	   21.7251031555	   21.7639667735	   20.9186157937	   20.9743502783	   20.9749819159	   21.7242580090	   21.6498641775	   21.7021919298	   21.2404207567	   21.2196543055	   21.5815977863	   21.6550599125	   21.6590565031
126 	   21.8822154413	   21.8583071645	   21.9193496117	   21.9191789853	   21.7353805025	   21.8782176569	   21.8608993866	   21.0585388947	   22.0156629987	   21.2703445659	   22.0128002283	   21.7272413721	   21.9476918075	   21.9847556080	   21.1251047606	   21.1834048511	   21.1850744347	   21.9420057664	   21.8655577626	   21.9201332507	   21.4525160744	   21.4343514571	   21.8108958543	   21.8730983141	   21.8755281705
127 	   22.1019141753	   22.0751925302	   22.1392522422	   22.1431896983	   21.9480655078	   22.1014442778	   22.0782151538	   21.2383706086	   22.2445172914	   21.4886905741	   22.2435786508	   21.9647108623	   22.1716865561	   22.2072639971	   21.3328790908	   21.3952985520	   21.3977636483	   22.1616081873	   22.0833587965	   22.1400606081	   21.6668676376	   21.6513051862	   22.0427651142	   22.0933453671	   22.0941101512
128 	   22.3238163491	   22.2941975739	   22.3612383278	   22.3690045795	   22.1629894316	   22.3268392379	   22.2976872836	   21.4215699832	   22.4763208597	   21.7100664070	   22.4763160577	   22.2042499680	   22.3970806921	   22.4315042572	   21.5419865112	   21.6101947567	   21.6132100178	   22.3830761165	   22.3032863764	   22.3619864726	   21.8834397411	   21.8705451904	   22.2771869477	   22.3158123584	   22.3148180981
129 	   22.5479336090	   22.5153409469	   22.5853153996	   22.5967126750	   22.3801883529	   22.5543978688	   22.5193342487	   21.6084366264	   22.7111051755	   21.9346162304	   22.7109484441	   22.4455802539	   22.6238675430	   22.6574854199	   21.7524982449	   21.8282648060	   21.8315846451	   22.6064207085	   22.5253589170	   22.5859228049	   22.1021998637	   22.0921091745	   22.5141350410	   22.5405086366	   22.5376667648
130 	   22.7742762794	   22.7386413278	   22.8114903541	   22.8263972424	   22.5996983602	   22.7841149466	   22.7431742249	   21.7992808017	   22.9488917050	   22.1624876860	   22.9474071077	   22.6884142182	   22.8520411397	   22.8852136874	   21.9645104341	   22.0496866298	   22.0530678758	   22.8316542302	   22.7495949503	   22.8118818136	   22.3231205673	   22.3160437761	   22.7535760053	   22.7674424217	   22.7626708224
131 	   23.0028535335	   22.9641176438	   23.0397696738	   23.0581344638	   22.8215555152	   23.0159850048	   22.9692252592	   21.9944094926	   23.1896912266	   22.3938298090	   23.1856195053	   22.9324689080	   23.0815963544	   23.1146923754	   22.1781444985	   22.2746425302	   22.2778470182	   23.0587902361	   22.9760133103	   23.0398760939	   22.5461807639	   22.5424047152	   22.9954694969	   22.9966210156	   22.9898450630
132 	   23.2336733245	   23.1917890351	   23.2701594010	   23.2919924759	   23.0457955645	   23.2500023992	   23.1975051867	   22.1941141989	   23.4335030110	   22.6287905497	   23.4255099512	   23.1774901417	   23.3125288639	   23.3459216995	   22.3935467408	   22.5033165093	   22.5061135650	   23.2878434702	   23.2046330578	   23.2699185012	   22.7713666861	   22.7712565041	   23.2397681965	   23.2280507668	   23.2192043465
133 	   23.4667423161	   23.4216747988	   23.5026651030	   23.5280308450	   23.2724536381	   23.4861613591	   23.4280315353	   22.3986612903	   23.6803141182	   22.8675141753	   23.6670003905	   23.4232751559	   23.5448351739	   23.5788986429	   22.6108874124	   22.7358914171	   22.7380601970	   23.5188297344	   23.4354733812	   23.5020220023	   22.9986727726	   23.0026719411	   23.4864178875	   23.4617370287	   23.4507635268
134 	   23.7020659335	   23.6537944336	   23.7372919515	   23.7663005053	   23.5015640638	   23.7244561470	   23.6608215389	   22.6082851616	   23.9300989507	   23.1101387180	   23.9100113601	   23.6696875146	   23.7785128238	   23.8136170292	   22.8303593527	   22.9725460876	   22.9738777396	   23.7517658459	   23.6685535954	   23.7361996240	   23.2281025727	   23.2367315046	   23.7353577590	   23.6976842317	   23.6845374799
135 	   23.9396485734	   23.8881678204	   23.9740449523	   24.0068441078	   23.7331603358	   23.9648813616	   23.8958922950	   22.8231840142	   24.1828191100	   23.3567935552	   24.1544631651	   23.9166626370	   24.0135608014	   24.0500678311	   23.0521762446	   23.2134525544	   23.2137521674	   23.9866697213	   23.9038932762	   23.9724645402	   23.4596696803	   23.4735226833	   23.9865209690	   23.9358961064	   23.9205412686
136 	   24.1794939554	   24.1248155202	   24.2129293071	   24.2496966861	   23.9672752255	   24.2074323654	   24.1332610509	   23.0435178539	   24.4384235500	   23.6075971568	   24.4002772428	   24.1642050410	   24.2499801473	   24.2882396982	   23.2765704938	   23.4587733818	   23.4578617003	   24.2235605718	   24.1415125107	   24.2108302806	   23.6933986619	   23.7131392315	   24.2398354519	   24.1763760401	   24.1587904283
137 	   24.4216055737	   24.3637591477	   24.4539508671	   24.4948865346	   24.2039409956	   24.4521057944	   24.3729455759	   23.2694082081	   24.6968489917	   23.8626550091	   24.6473776606	   24.4123796510	   24.4877746964	   24.5281196570	   23.5037907278	   23.7086591307	   23.7063740129	   24.4624591705	   24.3814322259	   24.4513110225	   23.9293259141	   23.9556803192	   24.4952249240	   24.4191275245	   24.3993013322
138 	   24.6659872007	   24.6050217739	   24.6971166299	   24.7424362038	   24.4431896757	   24.6989001025	   24.6149645731	   23.5009390894	   24.9580205557	   24.1220577186	   24.8956926876	   24.6612997506	   24.7269519043	   24.7696939309	   23.7340989164	   23.9632459669	   23.9594435735	   24.7033881475	   24.6236745462	   24.6939219210	   24.1675003826	   24.2012495456	   24.7526100367	   24.6641546483	   24.6420915886
139 	   24.9126434024	   24.8486283137	   24.9424352376	   24.9923635300	   24.6850533582	   24.9478160947	   24.8593380876	   23.7381588038	   25.2218525714	   24.3858793007	   25.1451563848	   24.9111138190	   24.9675237069	   25.0129488350	   23.9677671353	   24.2226534252	   24.2172091295	   24.9463722729	   24.8682631416	   24.9386794384	   24.4079840817	   24.4499537970	   25.0119096282	   24.9114625912	   24.8871804292
140 	   25.1615800316	   25.0946058698	   25.1899174447	   25.2446826433	   24.9295644852	   25.1988574188	   25.1060878817	   23.9810822986	   25.4882495300	   24.6541756627	   25.3957101688	   25.1619929054	   25.2095073730	   25.2578717072	   24.2050740089	   24.4869823490	   24.4797913668	   25.1914387018	   25.1152235334	   25.1856016449	   24.6508523655	   24.7019019407	   25.2730420348	   25.1610580884	   25.1345890585
141 	   25.4128046773	   25.3429840094	   25.4395765343	   25.4994049112	   25.1767561086	   25.4520309932	   25.3552377545	   24.2296938342	   25.7571071560	   24.9269832995	   25.6473043139	   25.4141195850	   25.4529263199	   25.5044518496	   24.4463008902	   24.7563130287	   24.7472907703	   25.4386171625	   25.3645833408	   25.4347084716	   24.8961939163	   24.9572033643	   25.5359264304	   25.4129498428	   25.3843409433
142 	   25.6663270592	   25.5937949667	   25.6914286704	   25.7565397943	   25.4266621097	   25.7073473564	   25.6068137953	   24.4839498336	   26.0283135812	   25.2043182179	   25.8998993667	   25.6676790181	   25.6978108715	   25.7526814627	   24.6917278453	   25.0307035693	   25.0197857221	   25.6879400819	   25.6163724567	   25.6860219088	   25.1441104282	   25.2159663800	   25.8004841738	   25.6671488760	   25.6364620321
143 	   25.9221593605	   25.8470737645	   25.9454931836	   26.0160956037	   25.6793173770	   25.9648209364	   25.8608445672	   24.7437818189	   26.3017506112	   25.4861751122	   26.1534674560	   25.9228522396	   25.9441989456	   26.0025565628	   24.9416295226	   25.3101885141	   25.2973308697	   25.9394426479	   25.8706231521	   25.9395661483	   25.3947159783	   25.4782965246	   26.0666401467	   25.9236688101	   25.8909809034
144 	   26.1803165002	   26.1028582598	   26.2017927892	   26.2780801556	   25.9347579400	   26.2244702384	   26.1173612207	   25.0090993750	   26.5772950763	   25.7725268086	   26.4079934832	   26.1798115403	   26.1921366621	   26.2540778748	   25.1962709902	   25.5947777542	   25.5799557957	   26.1931628154	   26.1273701101	   26.1953676740	   25.6481360866	   25.7442947905	   26.3343240721	   26.1825260841	   26.1479288423
145 	   26.4408163458	   26.3611891187	   26.4603537434	   26.5425013292	   26.1930210624	   26.4863179550	   26.3763975433	   25.2797931035	   26.8548202641	   26.0633239925	   26.6634761852	   26.4387176575	   26.4416788661	   26.5072516998	   25.4559036241	   25.8844557444	   25.8676640166	   26.4491412619	   26.3866503979	   26.4534553068	   25.9045064765	   26.0140558299	   26.6034718029	   26.4437401074	   26.4073398543
146 	   26.7036798722	   26.6221097257	   26.7212059412	   26.8093675325	   26.4541452982	   26.7503910056	   26.6379899487	   25.5557375370	   27.1341974306	   26.3584952289	   26.9199290586	   26.6997184209	   26.6928895620	   26.7620907524	   25.7207611318	   26.1791810445	   26.1604323296	   26.7074213054	   26.6485033826	   26.7138602136	   26.1639715533	   26.2876661711	   26.8740265716	   26.7073333551	   26.6692506202
147 	   26.9689312696	   26.8856660386	   26.9843829635	   27.0786880868	   26.7181705142	   27.0167205090	   26.9021774134	   25.8367939931	   27.4152973866	   26.6579472799	   27.1773811395	   26.9629485008	   26.9458422547	   27.0186149682	   25.9910557865	   26.4788861951	   26.4582105205	   26.9680487913	   26.9129705996	   26.9766158864	   26.4266826277	   26.5652024903	   27.1459401940	   26.9733314130	   26.9337004027
148 	   27.2365980058	   27.1519063945	   27.2499220790	   27.3504735373	   26.9851378802	   27.2853416979	   27.1690013659	   26.1228133443	   27.6979921552	   26.9615657176	   27.4358776288	   27.2285299286	   27.2006201937	   27.2768522748	   26.2669749426	   26.7834779324	   26.7609214381	   27.2310719600	   27.1800955819	   27.2417581016	   26.6927959139	   26.8467299769	   27.4191742151	   27.2417629759	   27.2007309095
149 	   27.5067108458	   27.4208812754	   27.5178642053	   27.6247359010	   27.2550898305	   27.5562937797	   27.4385055341	   26.4136386857	   27.9821566982	   27.2692158251	   27.6954803570	   27.4965731154	   27.4573165151	   27.5368393236	   26.5486778967	   27.0928377377	   27.0684614314	   27.4965413015	   27.4499236567	   27.5093248644	   26.9624703392	   27.1323008288	   27.6937009871	   27.5126598057	   27.4703861210
150 	   27.7793038331	   27.6926430404	   27.7882538349	   27.9014888575	   27.5280699968	   27.8296197498	   27.7107357556	   26.7091078810	   28.2676707031	   27.5807437744	   27.9562680778	   27.7671781433	   27.7160342763	   27.7986221748	   26.8362931462	   27.4068227129	   27.3807011411	   27.7645094050	   27.7225017162	   27.7793563440	   27.2358652038	   27.4219529117	   27.9695046675	   27.7860566542	   27.7427120897
151 	   28.0544142328	   27.9672456307	   28.0611389308	   28.1807478923	   27.8041231123	   28.1053661622	   27.9857397561	   27.0090559696	   28.5544204243	   27.8959780663	   28.2183365836	   28.0404361622	   27.9768863773	   28.0622569263	   27.1299160924	   27.7252667667	   27.6974866292	   28.0350308085	   27.9978779687	   28.0518948052	   27.5131377342	   27.7157086099	   28.2465821243	   28.0619911535	   28.0177567136
152 	   28.3320824417	   28.2447442533	   28.3365707930	   28.4625303981	   28.0832948869	   28.3835828624	   28.2635668988	   27.3133174189	   28.8423005693	   28.2147312128	   28.4817986356	   28.3164307710	   28.2399953618	   28.3278102770	   27.4296072215	   28.0479820930	   28.0186408266	   28.3081618535	   28.2761016736	   28.3269845381	   27.7944405755	   28.0135738957	   28.5249437338	   28.3405036784	   28.2955694918
153 	   28.6123518637	   28.5251950481	   28.6146039024	   28.7468557395	   28.3656318529	   28.6643226857	   28.5442679085	   27.6217282107	   29.1312162164	   28.5368016432	   28.7467837003	   28.5952393020	   28.5054930922	   28.5953600117	   27.7353907915	   28.3747609196	   28.3439652754	   28.5839605466	   28.5572228664	   28.6046717900	   28.0799192670	   28.3155376360	   28.8046140576	   28.6216371841	   28.5762012631
154 	   28.8952687555	   28.8086547452	   28.8952957416	   29.0337452850	   28.6511811794	   28.9476411273	   28.8278945747	   27.9341277499	   29.4210847504	   28.8619758134	   29.0134374874	   28.8769339587	   28.7735202929	   28.8649953942	   28.0472540389	   28.7053775028	   28.6732421382	   28.8624864328	   28.8412920752	   28.8850046991	   28.3697097514	   28.6215711552	   29.0856323839	   28.9054370197	   28.8597039341
155 	   29.1808820412	   29.0951803146	   29.1787065991	   29.3232224124	   28.9399904552	   29.2335959853	   29.1144994356	   28.2503605896	   29.7118377974	   29.1900304949	   29.2819212867	   29.1615827844	   29.0442259552	   29.1368174530	   28.3651469131	   29.0395903445	   29.0062364485	   29.1438004798	   29.1283600345	   29.1680332328	   28.6639359596	   28.9316280642	   29.3680531205	   29.1919507235	   29.1461301971
156 	   29.4692430993	   29.3848286151	   29.4648993556	   29.6153124879	   29.2321074396	   29.5222469830	   29.4041354473	   28.5702779657	   30.0034231374	   29.5207352253	   29.5524110999	   29.4492504512	   29.3177666022	   29.4109391450	   28.6889823358	   29.3771446069	   29.3426985736	   29.4279649755	   29.4184773968	   29.4538091305	   28.9627075204	   29.2456443665	   29.6519460267	   29.4812277989	   29.4355332428
157 	   29.7604055230	   29.6776560458	   29.7539392589	   29.9100428244	   29.5275797808	   29.8136553732	   29.6968556418	   28.8937391401	   30.2958065683	   29.8538548975	   29.8250965711	   29.7399988750	   29.5943054089	   29.6874853795	   29.0186369727	   29.7177747009	   29.6823668642	   29.7150434388	   29.7116944474	   29.7423858504	   29.2661176347	   29.5635388441	   29.9373962722	   29.7733194757	   29.7279664699
158 	   30.0544248564	   29.9737182048	   30.0458936874	   30.2074426194	   29.8264547032	   30.1078835287	   29.9927127775	   29.2206125506	   30.5889736928	   30.1891524690	   30.1001797180	   30.0338876686	   29.8740111783	   29.9665928862	   29.3539524994	   30.0612070265	   30.0249704642	   30.0051005440	   30.0080608228	   30.0338185205	   29.5742411560	   29.8852137248	   30.2245043163	   30.0682784570	   30.0234831934
159 	   30.3513583074	   30.2730695593	   30.3408319057	   30.5075428762	   30.1287786639	   30.4049945236	   30.2917589863	   29.5507767689	   30.8829315933	   30.5263917704	   30.3778734716	   30.3309744474	   30.1570571756	   30.2484099112	   29.6947373347	   30.4071628455	   30.3702322577	   30.2982020576	   30.3076252378	   30.3281638946	   29.8871329134	   30.2105556283	   30.5133855982	   30.3661586560	   30.3221363549
160 	   30.6512644427	   30.5757631318	   30.6388248152	   30.8103763089	   30.4345969826	   30.7050517097	   30.5940454211	   29.8841212700	   31.1777103566	   30.8653403955	   30.6584000332	   30.6313150068	   30.4436198237	   30.5330957255	   30.0407688095	   30.7553612648	   30.7178719308	   30.5944147879	   30.6104352212	   30.6254803101	   30.2048263084	   30.5394367839	   30.8041700383	   30.6670149228	   30.6239782369
161 	   30.9542028633	   30.8818502064	   30.9399447015	   31.1159772339	   30.7439534469	   31.0081182921	   30.8996219099	   30.2205470163	   31.4733644066	   31.2057726510	   30.9419890625	   30.9349633882	   30.7338772685	   30.8208199324	   30.3917957356	   31.1055223156	   31.0676091285	   30.8938065465	   30.9165368666	   30.9258276507	   30.5273322139	   30.8717165100	   31.0970013473	   30.9709027644	   30.9290601830
162 	   31.2602338678	   31.1913800594	   31.2442649808	   31.4243814491	   31.0568898982	   31.3142569100	   31.2085366196	   30.5599668644	   31.7699736003	   31.5474725458	   31.2288757111	   31.2419718510	   31.0280078237	   31.1117615614	   30.7475413340	   31.4573701088	   31.4191666862	   31.1964461207	   31.2259745974	   31.2292673092	   30.8546381974	   31.2072429441	   31.3920361490	   31.2778780613	   31.2374323266
163 	   31.5694181031	   31.5043997181	   31.5518599470	   31.7356261011	   31.3734458045	   31.6235292260	   31.5208357353	   30.9023058005	   32.0676440376	   31.8902367972	   31.5192985193	   31.5523907670	   31.3261883094	   31.4061079413	   31.1077064846	   31.8106360496	   31.7722739173	   31.5024032570	   31.5387909531	   31.5358621541	   31.1867080853	   31.5458550031	   31.6894429229	   31.5879967801	   31.5491433298
164 	   31.8818162070	   31.8209537520	   31.8628045199	   32.0497495429	   31.6936578263	   31.9359955310	   31.8365631606	   31.2475010150	   32.3665085365	   32.2338778284	   31.8134971960	   31.8662684492	   31.6285923004	   31.7040533464	   31.4719732554	   32.1650620933	   32.1266699384	   31.8117486540	   31.8550263976	   31.8456764967	   31.5234818799	   31.8873845581	   31.9894007790	   31.9013146880	   31.8642401350
165 	   32.1974884463	   32.1410840996	   32.1771739957	   32.3667911818	   32.0175593843	   32.2517143702	   32.1557602426	   31.5955018261	   32.6667267221	   32.5782267281	   32.1117103024	   32.1836509278	   31.9353883067	   32.0057974158	   31.8400086732	   32.5204040207	   32.4821070098	   32.1245539665	   32.1747191556	   32.1587760596	   31.8648760364	   32.2316587979	   32.2920980795	   32.2178870686	   32.1827677307
166 	   32.5164943516	   32.4648299342	   32.4950437974	   32.6867913187	   32.3451802388	   32.5707421961	   32.4784655278	   31.9462694657	   32.9684846823	   32.9231361411	   32.4141728606	   32.5045816830	   32.2467379074	   32.3115433494	   32.2114686990	   32.8764347097	   32.8383538685	   32.4408918194	   32.4979050809	   32.4752279473	   32.2107840997	   32.5785027563	   32.5977309280	   32.5377684447	   32.5047689344
167 	   32.8388923540	   32.7922275710	   32.8164892242	   33.0097909786	   32.6765460895	   32.8931330568	   32.8047145525	   32.2997767414	   33.2719941412	   33.2684830516	   32.7211139092	   32.8291013405	   32.5627938672	   32.6214958910	   32.5860023756	   33.2329473740	   33.1951990273	   32.7608358331	   32.8246175625	   32.7951006193	   32.5610776986	   32.9277419731	   32.9065015479	   32.8610123091	   32.8302841948
168 	   33.1647394251	   33.1233104174	   33.1415851937	   33.3358317334	   33.0116782097	   33.2189383269	   33.1345396729	   32.6560075886	   33.5774911093	   33.6141714188	   33.0327540263	   33.1572473363	   32.8836982634	   32.9358591138	   32.9632561162	   33.5897587349	   33.5524540076	   33.0844606623	   33.1548874753	   33.1184638680	   32.9156078893	   33.2792052581	   33.2186165779	   33.1876708688	   33.1593514161
169 	   33.4940907234	   33.4581089662	   33.4704059727	   33.6649555164	   33.3505931241	   33.5482064900	   33.4679699380	   33.0149565304	   33.8852339745	   33.9601346169	   33.3493028393	   33.4890535525	   33.2095806551	   33.2548340295	   33.3428781108	   33.9467120874	   33.9099564678	   33.4118420479	   33.4887431824	   33.4453888042	   33.2742068377	   33.6327275211	   33.5342853132	   33.5177948059	   33.4920058084
170 	   33.8269992491	   33.7966508326	   33.8030248853	   33.9972044315	   33.6933023427	   33.8809829831	   33.8050310102	   33.3766280616	   34.1955010049	   34.3063376293	   33.6709565396	   33.8245499260	   33.5405563292	   33.5786160484	   33.7245228259	   34.3036802102	   34.2675731862	   33.7430568868	   33.8262105980	   33.7759478548	   33.6366898258	   33.9881526337	   33.8537179234	   33.8514330614	   33.8282797683
171 	   34.1635155101	   34.1389608279	   34.1395139862	   34.3326205577	   34.0398121638	   34.2173101126	   34.1457451361	   33.7410359736	   34.5085872487	   34.6527789385	   33.9978954155	   34.1637620284	   33.8767246542	   33.9073923238	   34.1078555830	   34.6605680666	   34.6252028432	   34.0781833190	   34.1673133220	   34.1102147812	   34.0028575676	   34.3453362823	   34.1771236792	   34.1886326494	   34.1682027969
172 	   34.5036871989	   34.4850610663	   34.4799436828	   34.6712457568	   34.3901235539	   34.5572270528	   34.4901311725	   34.1082026408	   34.8248008250	   34.9994920512	   34.3302814184	   34.5067106178	   34.2181675764	   34.2413390160	   34.4925571984	   35.0173152303	   34.9827785462	   34.4173008343	   34.5120728566	   34.4482647273	   34.3724988174	   34.7041487746	   34.5047092194	   34.5294385082	   34.5118014613
173 	   34.8475588834	   34.8349710917	   34.8243822824	   35.0131214916	   34.7442321161	   34.9007699369	   34.8382046720	   34.4781582842	   35.1444586194	   35.3465465904	   34.6682557713	   34.8534111608	   34.5649482885	   34.5806185184	   34.8783286750	   35.3738979639	   35.3402700282	   34.7604903961	   34.8605089188	   34.7901743133	   34.7453932545	   35.0644777625	   34.8366768858	   34.8738934003	   34.8590994131
174 	   35.1951717091	   35.1887080063	   35.1728954369	   35.3582886745	   35.1021281532	   35.2479720476	   35.1899780318	   34.8509402352	   35.4678814138	   35.6940488820	   35.0119366301	   35.2038733305	   34.9171100984	   34.9253766880	   35.2648959347	   35.7303308654	   35.6976854406	   35.1078345767	   35.2126398619	   35.1360217949	   35.1213146298	   35.4262308459	   35.1732231487	   35.2220378736	   35.2101174769
175 	   35.5465631136	   35.5462865756	   35.5255454502	   35.7067875693	   35.4637968344	   35.5988641124	   35.5454607117	   35.2265922200	   35.7953885049	   36.0421419568	   35.3614168112	   35.5581004911	   35.2746755230	   35.2757401244	   35.6520145822	   36.0866679916	   36.0550726525	   35.4594176909	   35.5684832197	   35.4858873147	   35.5000341581	   35.7893380321	   35.5145371356	   35.5739102994	   35.5648738307
176 	   35.9017665518	   35.9077192713	   35.8823904060	   36.0586577877	   35.8292184708	   35.9534747024	   35.9046595231	   35.6051636917	   36.1272918899	   36.3910048789	   35.7167616014	   35.9160891944	   35.6376456276	   35.6318135437	   36.0394746853	   36.4430033519	   36.4125199545	   35.8153259005	   35.9280563850	   35.8398532800	   35.8813241454	   36.1537540362	   35.8607992586	   35.9295470047	   35.9233843064
177 	   36.2608112305	   36.2730161984	   36.2434830681	   36.4139384328	   36.1983689109	   36.3118307277	   36.2675789868	   35.9867092433	   36.4638901280	   36.7408513029	   36.0780066792	   36.2778287278	   36.0059996322	   35.9936772980	   36.4271055517	   36.7994706599	   36.7701560500	   36.1756472440	   36.2913774279	   36.1980049095	   36.2649618373	   36.5194604292	   36.2121799141	   36.2889825236	   36.2856628514
178 	   36.6237218546	   36.6421848368	   36.6088695068	   36.7726684565	   36.5712200655	   36.6739580185	   36.6342217460	   36.3712881475	   36.8054620154	   37.0919271440	   36.4451561902	   36.6433007698	   36.3796948054	   36.3613850922	   36.8147804650	   37.1562422174	   37.1281492047	   36.5404715148	   36.6584660495	   36.5604309960	   36.6507334788	   36.8864676758	   36.5688381895	   36.6522499926	   36.6517222096
179 	   36.9905183939	   37.0152295049	   36.9785874093	   37.1348873157	   36.9477405775	   37.0398819780	   37.0045889985	   36.7589640830	   37.1522602445	   37.4445072350	   36.8181810430	   37.0124792135	   36.7586666714	   36.7349619662	   37.2024213119	   37.5135268034	   37.4867054065	   36.9098898650	   37.0293446457	   36.9272249339	   37.0384385763	   37.2548171529	   36.9309204613	   37.0193817249	   37.0215749052
180 	   37.3612158914	   37.3921504407	   37.3526640576	   37.5006360124	   37.3278966416	   37.4096283026	   37.3786808853	   37.1498051314	   37.5045052397	   37.7988908222	   37.1970175117	   37.3853301888	   37.1428295616	   37.1144026150	   37.5900029858	   37.8715664482	   37.8460653842	   37.2839939475	   37.4040394208	   37.2984860461	   37.4278943722	   37.6245833139	   37.2985586952	   37.3904100041	   37.3952346508
181 	   37.7358243595	   37.7729423910	   37.7311139994	   37.8699586060	   37.7116529523	   37.7832237823	   37.7564967371	   37.5438841516	   37.8623793820	   38.1553957585	   37.5815662562	   37.7618122326	   37.5320775300	   37.4996701234	   37.9775573638	   38.2306320057	   38.2065003402	   37.6628743189	   37.7825814267	   37.6743212081	   37.8189405793	   37.9958762637	   37.6718681613	   37.7653681509	   37.7727183530
182 	   38.1143488462	   38.1575926278	   38.1139365081	   38.2429042735	   38.0989736924	   38.1606972154	   38.1380350600	   37.9412796582	   38.2260218442	   38.5143512753	   37.9716918807	   38.1418763798	   37.9262856068	   37.8906951625	   38.3651765212	   38.5910175104	   38.5683063030	   38.0466177136	   38.1650073030	   38.0548466716	   38.2114445299	   38.3688451303	   38.0509441584	   38.1442919286	   38.1540489562
183 	   38.4967897978	   38.5460783913	   38.5011130126	   38.6195299982	   38.4898233444	   38.5420804661	   38.5232931774	   38.3420773233	   38.5955242785	   38.8760893079	   38.3672231618	   38.5254657057	   38.3253112485	   38.2873755899	   38.7530146407	   38.9530334349	   38.9317971089	   38.4353026794	   38.5513593274	   38.4401898017	   38.6053071101	   38.7436827395	   38.4358572195	   38.5272213608	   38.5392594332
184 	   38.8831438938	   38.9383638967	   38.8926047635	   38.9999040299	   38.8841669323	   38.9274095896	   38.9122666005	   38.7463721170	   38.9709276635	   39.2409345205	   38.7679540973	   38.9125136616	   38.7289956099	   38.6895761704	   39.1412877883	   39.3169991496	   39.2972962081	   38.8289929760	   38.9416841484	   38.8304900778	   39.0004702666	   39.1206321436	   38.8266461920	   38.9142030057	   38.9283982648
185 	   39.2734055524	   39.3343972304	   39.2883510490	   39.3841104978	   39.2819691470	   39.3167256188	   39.3049485608	   39.1542707557	   39.3522207771	   39.6091934368	   39.1736460323	   39.3029408110	   39.1371639428	   39.0971277822	   39.5302703921	   39.6832350864	   39.6651277283	   39.2277281555	   39.3360292654	   39.2258980730	   39.3969275790	   39.4999953638	   39.2233086262	   39.3052926014	   39.3215366306
186 	   39.6675693270	   39.7341076096	   39.6882682873	   39.7722561519	   39.6831919294	   39.7100739371	   39.7013307350	   39.5658931546	   39.7393410240	   39.9811433573	   39.5840313782	   39.6966511253	   39.5496241850	   39.5098251175	   39.9202869650	   40.0520552538	   40.0356074528	   39.6315109704	   39.7344360391	   39.6265701394	   39.7947404366	   39.8821439361	   39.6257881640	   39.7005575997	   39.7187770156
187 	   40.0656335216	   40.1374034863	   40.0922504339	   40.1644814261	   40.0877909166	   40.1075002413	   40.1014068837	   39.9813693213	   40.1321784340	   40.3570219173	   39.9988198290	   40.0935329993	   39.9661631489	   39.9274220328	   40.3116975916	   40.4237607762	   40.4090344680	   40.0402917286	   40.1369279588	   40.0326552493	   40.1940635660	   40.2675289044	   40.0339591255	   40.1000781670	   40.1202615396
188 	   40.4676059301	   40.5441719137	   40.5001717331	   40.5609800865	   40.4957132469	   40.5090407716	   40.5051813840	   40.4008237182	   40.5305826645	   40.7370182083	   40.4177078877	   40.4934769378	   40.3865415772	   40.3496253269	   40.7048762129	   40.7986353043	   40.7856843121	   40.4539503404	   40.5434933865	   40.4442693520	   40.5951841733	   40.6566840249	   40.4476091137	   40.5039434413	   40.5261753081
189 	   40.8735141946	   40.9542803232	   40.9118942388	   40.9620342702	   40.9069024665	   40.9147070131	   40.9126837324	   40.8243329333	   40.9343689779	   41.1212671602	   40.8403900304	   40.8964266694	   40.8104935502	   40.7760919993	   41.1001819761	   41.1769444353	   41.1658054215	   40.8722774203	   40.9540632707	   40.8614528300	   40.9985763329	   41.0502097820	   40.8664210998	   40.9122373198	   40.9367349270
190 	   41.2834253313	   41.3675853950	   41.3272832563	   41.3680714531	   41.3213186539	   41.3244739341	   41.3239887997	   41.2518396163	   41.3433113503	   41.5098526826	   41.2665617445	   41.3024632642	   41.2377413052	   41.2064415359	   41.4979261077	   41.5589450422	   41.5496245513	   41.2949575503	   41.3684863953	   41.2841097898	   41.4049610135	   41.4487192566	   41.2899584627	   41.3250066568	   41.3521462623
191 	   41.6974751861	   41.7839600272	   41.7462264663	   41.7797326667	   41.7389798707	   41.7382964684	   41.7392494711	   41.6830178582	   41.7571058951	   41.9028333185	   41.6958919251	   41.7118356776	   41.6680382409	   41.6402983396	   41.8983426773	   41.9449136760	   41.9373734096	   41.7215663156	   41.7865093582	   41.7119354566	   41.8153340183	   41.8527265968	   41.7176657644	   41.7422093594	   41.7725146151
192 	   42.1158807184	   42.2033410359	   42.1686232698	   42.1978654993	   42.1600337801	   42.1561883441	   42.1587927919	   42.1171045636	   42.1753138647	   42.3003016023	   42.1279481736	   42.1246556108	   42.1012486601	   42.0773747451	   42.3015925819	   42.3351853225	   42.3293401250	   42.1516158812	   42.2077863316	   42.1443541686	   42.2308762403	   42.2624757758	   42.1489213078	   42.1636560874	   42.1977060242
193 	   42.5388471037	   42.6257184996	   42.5942725561	   42.6231612398	   42.5849520502	   42.5783836472	   42.5834639919	   42.5525986227	   42.5973860777	   42.7024097983	   42.5621435986	   42.5399106187	   42.5375186805	   42.5176377270	   42.7078695733	   42.7301114978	   42.7258673883	   42.5846822101	   42.6319862100	   42.5805348688	   42.6526167188	   42.6777472614	   42.5831694257	   42.5889840790	   42.6271941928
194 	   42.9663100733	   43.0508096352	   43.0226654439	   43.0549178788	   43.0153224468	   43.0057192193	   43.0155318740	   42.9862094066	   43.0229205205	   43.1090763310	   42.9979078158	   42.9549588659	   42.9779501865	   42.9619319278	   43.1175650246	   43.1297413913	   43.1270431031	   43.0203820499	   43.0589814284	   43.0195975671	   43.0807281090	   43.0977448139	   43.0198807581	   43.0177336122	   43.0599681867
195 	   43.3978709817	   43.4773359815	   43.4529722898	   43.4880785699	   43.4562411389	   43.4415059315	   43.4594147686	   43.4109453347	   43.4521000400	   43.5191483335	   43.4350935031	   43.3730320765	   43.4271326747	   43.4144567829	   43.5305619070	   43.5333106880	   43.5319895139	   43.4572310915	   43.4881845522	   43.4605362587	   43.5134497000	   43.5212036526	   43.4573881505	   43.4495815504	   43.4946088368
196 	   43.8342461944	   43.9035324418	   43.8852081686	   43.9036097879	   43.9172121703	   43.8981159031	   43.9156549176	   43.8208338936	   43.8897171280	   43.9306148575	   43.8770631570	   43.8283372822	   43.8964715314	   43.8867425298	   43.9434384933	   43.9399376355	   43.9392745396	   43.8908868544	   43.9154148198	   43.8991154219	   43.9466444690	   43.9455931875	   43.8912629627	   43.8832315772	   43.9287038576
197 	   44.3015512408	   44.3453887214	   44.3434472333	   44.2607939445	   44.3836067196	   44.3883119419	   44.3523809928	   44.2045798630	   44.3731164770	   44.3580485325	   44.3612084090	   44.2314050561	   44.3792777834	   44.3748676281	   44.3579636591	   44.3681447230	   44.3649447329	   44.3273221078	   44.3409984534	   44.3302771615	   44.3761964680	   44.3637900349	   44.3279660340	   44.3122020208	   44.3553188273
198 	   44.8951475958	   44.9128387712	   44.8900373574	   44.5619064598	   44.6752311244	   44.7251649821	   44.6330676195	   44.6375458458	   44.8537879662	   44.9210449601	   44.8722055906	   43.4272813538	   44.6844226620	   44.6892381535	   44.8887098502	   44.9212585011	   44.9215745898	   44.8996417981	   44.8832861470	   44.8554368594	   44.8195589246	   44.8367613415	   44.9032679168	   44.8060198246	   44.8311021697
199 	   99.3579721217	   90.8445603034	   88.8172818715	   21.7708495522	   22.0168524691	   98.0813986990	   88.0358766136	   21.9527366870	   22.0819171789	   22.2891875920	   22.0220474300	   21.3613449256	   21.8896705495	   21.9025904616	   22.5422379435	   22.3593131841	   22.3557087949	   22.1842995127	   22.3109767504	   22.2421394110	   22.5327488810	   22.3898705197	   22.1243901312	   22.0170710283	   22.3324982787
200 	    0.0000000000	    0.0000000000	    0.0000000000	    0.0000000000	    0.0000000000	    0.0000000000	    0.0000000000	    0.0000000000	    0.0000000000	    0.0000000000	    0.0000000000	    0.0000000000	    0.0000000000	    0.0000000000	    0.0000000000	    0.0000000000	    0.0000000000	    0.0000000000	    0.0000000000	    0.0000000000	    0.0000000000	    0.0000000000	    0.0000000000	    0.0000000000	    0.0000000000
