T/R 	1         	2         	3         	4         	5         	6         	7         	8         	9         	10        	11        	12        	13        	14        	15        	16        	17        	18        	19        	20        	21        	22        	23        	24        	25
0   	    0.0005770929	    0.0055891852	    0.7876740828	    0.0096468617	    0.0000000000	    0.0000000000	    0.0000000000	    0.0000000000	    0.0000000000	    0.0000000000	    0.0000000000	    0.3119515001	    0.0000000000	    0.0000000000	    0.0000000000	    0.0000000000	    0.0000000000	    5.0246201481	    0.0000000000	    0.0000000000	    0.0000000000	    0.0000000000	    0.0000000000	    0.0000000000	    0.0000000000
1   	    0.0000000000	    0.0000000000	    0.0000000000	    0.0000000000	    0.1286345031	    0.0162486537	    0.0771270596	    0.4136153759	    1.4156373110	    0.0000000000	    0.0000000000	    0.0000000000	    0.4918598041	    0.5488895383	    0.2688679768	    0.0000000000	    0.0000000000	    1.7218218669	    0.0844104902	    0.0000000000	    0.0000000000	    0.0000000000	    0.0000000000	    0.0000000000	    0.0000000000
2   	    0.0000000000	    0.0000000000	    0.0000000000	    0.0000000000	    0.0000000000	    0.0000000000	    0.0000000000	    0.0000000000	    0.0000000000	    0.0000000000	    0.0000000000	    0.0000000000	    0.0000000000	    0.0000000000	    0.9248045162	    1.4166179770	    0.0000000000	    0.0000000000	    0.0000000002	    2.1692451122	    0.0000000000	    0.0000000000	    0.0000000000	    0.0000000000	    0.0000000000
3   	    0.0000000000	    0.0000000000	    0.0000000000	    0.0000000000	    0.0000000000	    0.0000000000	    0.0000000000	    0.0000000000	    0.0000000000	    2.9754904030	    0.0000000000	    0.0000000000	    0.0000000000	    0.0000000000	    0.0000000000	    0.0000000000	    0.0000000000	    0.0000000000	    0.0000000000	    0.2789554138	    0.0000000000	    0.0000000000	    0.0000000000	    0.0000000000	    0.0000000000
4   	    0.0000000000	    0.0000000000	    0.0000000000	    0.0000000000	    0.0000000000	    0.0000000000	    0.0000000000	    0.0000000000	    0.0000000000	    0.0000000000	    0.0000000000	    0.0000000000	    0.0000000000	    0.0000000000	    0.0000000000	    0.0000000000	    3.1749642075	    0.0000000000	    0.0000000000	    0.0000000000	    0.0000000000	    0.0000000000	    0.0000000000	    0.0000000000	    0.0000000000
5   	    0.0000000000	    0.0000000000	    0.0000000000	    0.0000000000	    0.0000000000	    0.0000000000	    0.0000000000	    0.0000000000	    0.0000000000	    0.0000000000	    0.0000000000	    0.0000000000	    0.0000000000	    0.0000000000	    0.0000000000	    0.0000000000	    2.8801794715	    0.0000000000	    0.0000000000	    0.0000000000	    0.0000000000	    0.0000000000	    0.3919184455	    0.0000000000	    0.0000000000
6   	    0.0000000000	    0.0000000000	    0.0000000000	    0.0000000000	    0.0000000000	    0.0000000000	    0.0000000000	    0.0000000000	    0.0000000000	    0.0000000000	    0.0000000000	    0.0000000000	    0.0000000000	    0.0000000000	    0.0000000000	    0.0000000000	    0.0000000000	    0.0000000000	    0.0000000000	    0.0000000000	    0.0000000000	    0.0000000000	    3.0599176702	    0.0000000000	    0.0000000000
7   	    0.0000000000	    0.0000000000	    0.0000000000	    0.0000000000	    0.0000000000	    0.0000000000	    0.0000000000	    0.0000000000	    0.0000000000	    0.0000000000	    0.0000000000	    0.0000000000	    0.0000000000	    0.0000000000	    0.0000000000	    0.0000000000	    0.0000000000	    0.0000000000	    0.0000000000	    0.0000000000	    1.0697385216	    0.0000000000	    1.7737123163	    0.0000000000	    0.0000000000
8   	    0.0000000000	    0.0000000000	    0.0000000000	    0.0000000000	    0.0000000000	    0.0000000000	    0.0000000000	    0.0000000000	    0.0000000000	    0.0000000000	    0.0000000000	    0.0000000000	    0.0000000000	    0.0000000000	    0.0000000000	    0.0000000000	    0.0000000000	    0.0000000000	    0.0000000000	    0.0000000000	    2.6481989517	    0.0000000000	    0.0000000000	    0.0000000000	    0.0000000000
9   	    0.0000000000	    0.0000000000	    0.0000000000	    0.0000000000	    0.0000000000	    0.0000000000	    0.0000000000	    0.0000000000	    0.0000000000	    0.0000000000	    0.0000000000	    0.0000000000	    0.0000000000	    0.0000000000	    0.0000000000	    0.0000000000	    0.0000000000	    0.0000000000	    0.0000000000	    0.0000000000	    2.4490023143	    0.0000000000	    0.0000000000	    0.0000000000	    0.0000000000
10  	    0.0000000000	    0.0000000000	    0.0000000000	    0.0000000000	    0.0000000000	    0.0000000000	    0.0000000000	    0.0000000000	    0.0000000000	    0.0000000000	    0.0000000000	    0.0000000000	    0.0000000000	    0.0000000000	    0.0000000000	    0.0000000000	    0.0000000000	    0.0000000000	    0.0000000000	    0.0000000000	    1.2189636283	    1.0268175807	    0.0000000000	    0.0000000000	    0.0000000000
11  	    0.0000000000	    0.0000000000	    0.0000000000	    0.0000000000	    0.0000000000	    0.0000000000	    0.0000000000	    0.0000000000	    0.0000000000	    0.0000000000	    0.0000000000	    0.0000000000	    0.0000000000	    0.0000000000	    0.0000000000	    0.0000000000	    0.0000000000	    0.0000000000	    0.0000000000	    0.0000000000	    0.0000000000	    2.0935438888	    0.0000000000	    0.0000000000	    0.0000000000
12  	    0.0000000000	    0.0000000000	    0.0000000000	    0.0000000000	    0.0000000000	    0.0000000000	    0.0000000000	    0.0000000000	    0.0000000000	    0.0000000000	    0.0000000000	    0.0000000000	    0.0000000000	    0.0000000000	    0.0000000000	    0.0000000000	    0.0000000000	    0.0000000000	    0.0000000000	    0.0000000000	    0.0000000000	    1.9382307777	    0.0000000000	    0.0000000000	    0.0000000000
13  	    0.0000000000	    0.0000000000	    0.0000000000	    0.0000000000	    0.0000000000	    0.0000000000	    0.0000000000	    0.0000000000	    0.0000000000	    0.0000000000	    0.0000000000	    0.0000000000	    0.0000000000	    0.0000000000	    0.0000000000	    0.0000000000	    0.0000000000	    0.0000000000	    0.0000000000	    0.0000000000	    0.0000000000	    1.7797797139	    0.0000000000	    0.0000000000	    0.0000000000
14  	    0.0000000000	    0.0000000000	    0.0000000000	    0.0000000000	    0.0000000000	    0.0000000000	    0.0000000000	    0.0000000000	    0.0000000000	    0.0000000000	    0.0000000072	    0.0000000000	    0.0000000000	    0.0000000000	    0.0000000000	    0.0000000000	    0.0000000000	    0.0000000000	    0.0000000000	    0.0000000000	    0.0000000000	    1.6181272779	    0.0000000000	    0.0000000000	    0.0000000000
15  	    0.0000000000	    0.0000000000	    0.0000000000	    0.0000000000	    0.0000000000	    0.0000000000	    0.0000000000	    0.0000000000	    0.0000000000	    0.0000000000	    1.4772132318	    0.0000000000	    0.0000000000	    0.0000000000	    0.0000000000	    0.0000000000	    0.0000000000	    0.0000000000	    0.0000000000	    0.0000000000	    0.0000000000	    0.0000000000	    0.0000000000	    0.0000000000	    0.0000000000
16  	    0.0000000000	    0.0000000000	    0.0000000000	    0.0000000000	    0.0000000000	    0.0000000000	    0.0000000000	    0.0000000000	    0.0000000000	    0.0000000000	    1.3346022253	    0.0000000000	    0.0000000000	    0.0000000000	    0.0000000000	    0.0000000000	    0.0000000000	    0.0000000000	    0.0000000000	    0.0000000000	    0.0000000000	    0.0000000000	    0.0000000000	    0.0000000000	    0.0000000000
17  	    0.0000000000	    0.0000000000	    0.0000000000	    0.0000000000	    0.0000000000	    0.0000000000	    0.0000000000	    0.0000000000	    0.0000000000	    0.0000000000	    1.1891099623	    0.0000000000	    0.0000000000	    0.0000000000	    0.0000000000	    0.0000000000	    0.0000000000	    0.0000000000	    0.0000000000	    0.0000000000	    0.0000000000	    0.0000000000	    0.0000000000	    0.0000000000	    0.0000000000
18  	    0.0000000000	    0.0000000000	    0.0000000000	    0.0000000000	    0.0000000000	    0.0000000000	    0.0000000000	    0.0000000000	    0.0000000000	    0.0000000000	    1.0406782156	    0.0000000000	    0.0000000000	    0.0000000000	    0.0000000000	    0.0000000000	    0.0000000000	    0.0000000000	    0.0000000000	    0.0000000000	    0.0000000000	    0.0000000000	    0.0000000000	    0.0000000000	    0.0000000000
19  	    0.0000000000	    0.0000000000	    0.0000000000	    0.0000000000	    0.0000000000	    0.0000000000	    0.0000000000	    0.0000000000	    0.0000000000	    0.0000000000	    0.8892475801	    0.0000000000	    0.0000000000	    0.0000000000	    0.0000000000	    0.0000000000	    0.0000000000	    0.0000000000	    0.0000000000	    0.0000000000	    0.0000000000	    0.0000000000	    0.0000000000	    0.0000000000	    0.0000000000
20  	    0.0000000000	    0.0000000000	    0.0000000000	    0.0000000000	    0.0000000000	    0.0000000000	    0.0000000000	    0.0000000000	    0.0000000000	    0.0000000000	    0.7347574490	    0.0000000000	    0.0000000000	    0.0000000000	    0.0000000000	    0.0000000000	    0.0000000000	    0.0000000000	    0.0000000000	    0.0000000000	    0.0000000000	    0.0000000000	    0.0000000000	    0.0000000000	    0.0000000000
21  	    0.0000000000	    0.0000000000	    0.0000000000	    0.0000000000	    0.0000000000	    0.0000000000	    0.0000000000	    0.0000000000	    0.0000000000	    0.0000000000	    0.5771459896	    0.0000000000	    0.0000000000	    0.0000000000	    0.0000000000	    0.0000000000	    0.0000000000	    0.0000000000	    0.0000000000	    0.0000000000	    0.0000000000	    0.0000000000	    0.0000000000	    0.0000000000	    0.0000000000
22  	    0.0000000000	    0.0000000000	    0.0000000000	    0.0000000000	    0.0000000000	    0.0000000000	    0.0000000000	    0.0000000000	    0.0000000000	    0.0000000000	    0.4163501180	    0.0000000000	    0.0000000000	    0.0000000000	    0.0000000000	    0.0000000000	    0.0000000000	    0.0000000000	    0.0000000000	    0.0000000000	    0.0000000000	    0.0000000000	    0.0000000000	    0.0000000000	    0.0000000000
23  	    0.0000000000	    0.0000000000	    0.0000000000	    0.0000000000	    0.0000000000	    0.0000000000	    0.0000000000	    0.0000000000	    0.0000000000	    0.0000000000	    0.2523054743	    0.0000000000	    0.0000000000	    0.0000000000	    0.0000000000	    0.0000000000	    0.0000000000	    0.0000000000	    0.0000000000	    0.0000000000	    0.0000000000	    0.0000000000	    0.0000000000	    0.0000000001	    0.0000000000
24  	    0.0000000000	    0.0000000000	    0.0000000000	    0.0000000000	    0.0000000000	    0.0000000000	    0.0000000000	    0.0000000000	    0.0000000000	    0.0000000000	    0.0000000000	    0.0000000000	    0.0000000000	    0.0000000000	    0.0000000000	    0.0000000000	    0.0000000000	    0.0000000000	    0.0000000000	    0.0000000000	    0.0000000000	    0.0000000000	    0.0000000000	    0.2191092170	    0.0000000000
25  	    0.0000000000	    0.0000000000	    0.0000000000	    0.0000000000	    0.0000000000	    0.0000000000	    0.0000000000	    0.0000000000	    0.0000000000	    0.0000000000	    0.0000000000	    0.0000000000	    0.0000000000	    0.0000000000	    0.0000000000	    0.0000000000	    0.0000000000	    0.0000000000	    0.0000000000	    0.0000000000	    0.0000000000	    0.0000000000	    0.0000000000	    0.1881240597	    0.0000000000
26  	    0.0000000000	    0.0000000000	    0.0000000000	    0.0000000000	    0.0000000000	    0.0000000000	    0.0000000000	    0.0000000000	    0.0000000000	    0.0000000000	    0.0000000000	    0.0000000000	    0.0000000000	    0.0000000000	    0.0000000000	    0.0000000000	    0.0000000000	    0.0000000000	    0.0000000000	    0.0000000000	    0.0000000000	    0.0000000000	    0.0000000000	    0.1565121819	    0.0000000000
27  	    0.0000000000	    0.0000000000	    0.0000000000	    0.0000000000	    0.0000000000	    0.0000000000	    0.0000000000	    0.0000000000	    0.0000000000	    0.0000000000	    0.0000000000	    0.0000000000	    0.0000000000	    0.0000000000	    0.0000000000	    0.0000000000	    0.0000000000	    0.0000000000	    0.0000000000	    0.0000000000	    0.0000000000	    0.0000000000	    0.0000000000	    0.1242608696	    0.0000000000
28  	    0.0000000000	    0.0000000000	    0.0000000000	    0.0000000000	    0.0000000000	    0.0000000000	    0.0000000000	    0.0000000000	    0.0000000000	    0.0000000000	    0.0000000000	    0.0000000000	    0.0000000000	    0.0000000000	    0.0000000000	    0.0000000000	    0.0000000000	    0.0000000000	    0.0000000000	    0.0000000000	    0.0000000000	    0.0000000000	    0.0000000000	    0.0913571488	    0.0000000000
29  	    0.0000000000	    0.0000000000	    0.0000000000	    0.0000000000	    0.0000000000	    0.0000000000	    0.0000000000	    0.0000000000	    0.0000000000	    0.0000000000	    0.0000000000	    0.0000000000	    0.0000000000	    0.0000000000	    0.0000000000	    0.0000000000	    0.0000000000	    0.0000000000	    0.0000000000	    0.0000000000	    0.0000000000	    0.0000000000	    0.0000000000	    0.0577877791	    0.0000000000
30  	    0.0000000000	    0.0000000000	    0.0000000000	    0.0000000000	    0.0000000000	    0.0000000000	    0.0000000000	    0.0000000000	    0.0000000000	    0.0000000000	    0.0000000000	    0.0000000000	    0.0000000000	    0.0000000000	    0.0000000000	    0.0000000000	    0.0000000000	    0.0000000000	    0.0000000000	    0.0000000000	    0.0000000000	    0.0000000000	    0.0000000000	    0.0235392487	    0.0000000000
31  	    0.0000000000	    0.0000000000	    0.0000000000	    0.0000000000	    0.0000000000	    0.0000000000	    0.0000000000	    0.0000000000	    0.0000000000	    0.0000000000	    0.0000000000	    0.0000000000	    0.0000000000	    0.0000000000	    0.0000000000	    0.0000000000	    0.0000000000	    0.0000000000	    0.0000000000	    0.0000000000	    0.0000000000	    0.0000000000	    0.0000000000	    0.0000000014	    0.0000176760
32  	    0.0000000000	    0.0000000000	    0.0000000000	    0.0000000000	    0.0000000000	    0.0000000000	    0.0000000000	    0.0000000000	    0.0000000000	    0.0000000000	    0.0000000000	    0.0000000000	    0.0000000000	    0.0000000000	    0.0000000000	    0.0000000000	    0.0000000000	    0.0000000000	    0.0000000000	    0.0000000000	    0.0000000000	    0.0000000000	    0.0000000000	    0.0000000000	    0.0000178869
33  	    0.0000000000	    0.0000000000	    0.0000000000	    0.0000000000	    0.0000000000	    0.0000000000	    0.0000000000	    0.0000000000	    0.0000000000	    0.0000000000	    0.0000000000	    0.0000000000	    0.0000000000	    0.0000000000	    0.0000000000	    0.0000000000	    0.0000000000	    0.0000000000	    0.0000000000	    0.0000000000	    0.0000000000	    0.0000000000	    0.0000000000	    0.0000000000	    0.0000180853
34  	    0.0000000000	    0.0000000000	    0.0000000000	    0.0000000000	    0.0000000000	    0.0000000000	    0.0000000000	    0.0000000000	    0.0000000000	    0.0000000000	    0.0000000000	    0.0000000000	    0.0000000000	    0.0000000000	    0.0000000000	    0.0000000000	    0.0000000000	    0.0000000000	    0.0000000000	    0.0000000000	    0.0000000000	    0.0000000000	    0.0000000000	    0.0000000000	    0.0000182815
35  	    0.0000000000	    0.0000000000	    0.0000000000	    0.0000000000	    0.0000000000	    0.0000000000	    0.0000000000	    0.0000000000	    0.0000000000	    0.0000000000	    0.0000000000	    0.0000000000	    0.0000000000	    0.0000000000	    0.0000000000	    0.0000000000	    0.0000000000	    0.0000000000	    0.0000000000	    0.0000000000	    0.0000000000	    0.0000000000	    0.0000000000	    0.0000000000	    0.0000184774
36  	    0.0000000000	    0.0000000000	    0.0000000000	    0.0000000000	    0.0000000000	    0.0000000000	    0.0000000000	    0.0000000000	    0.0000000000	    0.0000000000	    0.0000000000	    0.0000000000	    0.0000000000	    0.0000000000	    0.0000000000	    0.0000000000	    0.0000000000	    0.0000000000	    0.0000000000	    0.0000000000	    0.0000000000	    0.0000000000	    0.0000000000	    0.0000000000	    0.0000186736
37  	    0.0000000000	    0.0000000000	    0.0000000000	    0.0000000000	    0.0000000000	    0.0000000000	    0.0000000000	    0.0000000000	    0.0000000000	    0.0000000000	    0.0000000000	    0.0000000000	    0.0000000000	    0.0000000000	    0.0000000000	    0.0000000000	    0.0000000000	    0.0000000000	    0.0000000000	    0.0000000000	    0.0000000000	    0.0000000000	    0.0000000000	    0.0000000000	    0.0000188707
38  	    0.0000000000	    0.0000000000	    0.0000000000	    0.0000000000	    0.0000000000	    0.0000000000	    0.0000000000	    0.0000000000	    0.0000000000	    0.0000000000	    0.0000000000	    0.0000000000	    0.0000000000	    0.0000000000	    0.0000000000	    0.0000000000	    0.0000000000	    0.0000000000	    0.0000000000	    0.0000000000	    0.0000000000	    0.0000000000	    0.0000000000	    0.0000000000	    0.0000190690
39  	    0.0000000000	    0.0000000000	    0.0000000000	    0.0000000000	    0.0000000000	    0.0000000000	    0.0000000000	    0.0000000000	    0.0000000000	    0.0000000000	    0.0000000000	    0.0000000000	    0.0000000000	    0.0000000000	    0.0000000000	    0.0000000000	    0.0000000000	    0.0000000000	    0.0000000000	    0.0000000000	    0.0000000000	    0.0000000000	    0.0000000000	    0.0000000000	    0.0000192686
40  	    0.0000000000	    0.0000000000	    0.0000000000	    0.0000000000	    0.0000000000	    0.0000000000	    0.0000000000	    0.0000000000	    0.0000000000	    0.0000000000	    0.0000000000	    0.0000000000	    0.0000000000	    0.0000000000	    0.0000000000	    0.0000000000	    0.0000000000	    0.0000000000	    0.0000000000	    0.0000000000	    0.0000000000	    0.0000000000	    0.0000000000	    0.0000000000	    0.0000194698
41  	    0.0000000000	    0.0000000000	    0.0000000000	    0.0000000000	    0.0000000000	    0.0000000000	    0.0000000000	    0.0000000000	    0.0000000000	    0.0000000000	    0.0000000000	    0.0000000000	    0.0000000000	    0.0000000000	    0.0000000000	    0.0000000000	    0.0000000000	    0.0000000000	    0.0000000000	    0.0000000000	    0.0000000000	    0.0000000000	    0.0000000000	    0.0000000000	    0.0000196728
42  	    0.0000000000	    0.0000000000	    0.0000000000	    0.0000000000	    0.0000000000	    0.0000000000	    0.0000000000	    0.0000000000	    0.0000000000	    0.0000000000	    0.0000000000	    0.0000000000	    0.0000000000	    0.0000000000	    0.0000000000	    0.0000000000	    0.0000000000	    0.0000000000	    0.0000000000	    0.0000000000	    0.0000000000	    0.0000000000	    0.0000000000	    0.0000000000	    0.0000198776
43  	    0.0000000000	    0.0000000000	    0.0000000000	    0.0000000000	    0.0000000000	    0.0000000000	    0.0000000000	    0.0000000000	    0.0000000000	    0.0000000000	    0.0000000000	    0.0000000000	    0.0000000000	    0.0000000000	    0.0000000000	    0.0000000000	    0.0000000000	    0.0000000000	    0.0000000000	    0.0000000000	    0.0000000000	    0.0000000000	    0.0000000000	    0.0000000000	    0.0000200844
44  	    0.0000000000	    0.0000000000	    0.0000000000	    0.0000000000	    0.0000000000	    0.0000000000	    0.0000000000	    0.0000000000	    0.0000000000	    0.0000000000	    0.0000000000	    0.0000000000	    0.0000000000	    0.0000000000	    0.0000000000	    0.0000000000	    0.0000000000	    0.0000000000	    0.0000000000	    0.0000000000	    0.0000000000	    0.0000000000	    0.0000000000	    0.0000000000	    0.0000202932
45  	    0.0000000000	    0.0000000000	    0.0000000000	    0.0000000000	    0.0000000000	    0.0000000000	    0.0000000000	    0.0000000000	    0.0000000000	    0.0000000000	    0.0000000000	    0.0000000000	    0.0000000000	    0.0000000000	    0.0000000000	    0.0000000000	    0.0000000000	    0.0000000000	    0.0000000000	    0.0000000000	    0.0000000000	    0.0000000000	    0.0000000000	    0.0000000000	    0.0000205039
46  	    0.0000000000	    0.0000000000	    0.0000000000	    0.0000000000	    0.0000000000	    0.0000000000	    0.0000000000	    0.0000000000	    0.0000000000	    0.0000000000	    0.0000000000	    0.0000000000	    0.0000000000	    0.0000000000	    0.0000000000	    0.0000000000	    0.0000000000	    0.0000000000	    0.0000000000	    0.0000000000	    0.0000000000	    0.0000000000	    0.0000000000	    0.0000000000	    0.0000207168
47  	    0.0000000000	    0.0000000000	    0.0000000000	    0.0000000000	    0.0000000000	    0.0000000000	    0.0000000000	    0.0000000000	    0.0000000000	    0.0000000000	    0.0000000000	    0.0000000000	    0.0000000000	    0.0000000000	    0.0000000000	    0.0000000000	    0.0000000000	    0.0000000000	    0.0000000000	    0.0000000000	    0.0000000000	    0.0000000000	    0.0000000000	    0.0000000000	    0.0000209318
48  	    0.0000000000	    0.0000000000	    0.0000000000	    0.0000000000	    0.0000000000	    0.0000000000	    0.0000000000	    0.0000000000	    0.0000000000	    0.0000000000	    0.0000000000	    0.0000000000	    0.0000000000	    0.0000000000	    0.0000000000	    0.0000000000	    0.0000000000	    0.0000000000	    0.0000000000	    0.0000000000	    0.0000000000	    0.0000000000	    0.0000000000	    0.0000000000	    0.0000211491
49  	    0.0000000000	    0.0000000000	    0.0000000000	    0.0000000000	    0.0000000000	    0.0000000000	    0.0000000000	    0.0000000000	    0.0000000000	    0.0000000000	    0.0000000000	    0.0000000000	    0.0000000000	    0.0000000000	    0.0000000000	    0.0000000000	    0.0000000000	    0.0000000000	    0.0000000000	    0.0000000000	    0.0000000000	    0.0000000000	    0.0000000000	    0.0000000000	    0.0000213686
50  	    0.0000000000	    0.0000000000	    0.0000000000	    0.0000000000	    0.0000000000	    0.0000000000	    0.0000000000	    0.0000000000	    0.0000000000	    0.0000000000	    0.0000000000	    0.0000000000	    0.0000000000	    0.0000000000	    0.0000000000	    0.0000000000	    0.0000000000	    0.0000000000	    0.0000000000	    0.0000000000	    0.0000000000	    0.0000000000	    0.0000000000	    0.0000000000	    0.0000215904
51  	    0.0000000000	    0.0000000000	    0.0000000000	    0.0000000000	    0.0000000000	    0.0000000000	    0.0000000000	    0.0000000000	    0.0000000000	    0.0000000000	    0.0000000000	    0.0000000000	    0.0000000000	    0.0000000000	    0.0000000000	    0.0000000000	    0.0000000000	    0.0000000000	    0.0000000000	    0.0000000000	    0.0000000000	    0.0000000000	    0.0000000000	    0.0000000000	    0.0000218144
52  	    0.0000000000	    0.0000000000	    0.0000000000	    0.0000000000	    0.0000000000	    0.0000000000	    0.0000000000	    0.0000000000	    0.0000000000	    0.0000000000	    0.0000000000	    0.0000000000	    0.0000000000	    0.0000000000	    0.0000000000	    0.0000000000	    0.0000000000	    0.0000000000	    0.0000000000	    0.0000000000	    0.0000000000	    0.0000000000	    0.0000000000	    0.0000000000	    0.0000220408
53  	    0.0000000000	    0.0000000000	    0.0000000000	    0.0000000000	    0.0000000000	    0.0000000000	    0.0000000000	    0.0000000000	    0.0000000000	    0.0000000000	    0.0000000000	    0.0000000000	    0.0000000000	    0.0000000000	    0.0000000000	    0.0000000000	    0.0000000000	    0.0000000000	    0.0000000000	    0.0000000000	    0.0000000000	    0.0000000000	    0.0000000000	    0.0000000000	    0.0000222695
54  	    0.0000000000	    0.0000000000	    0.0000000000	    0.0000000000	    0.0000000000	    0.0000000000	    0.0000000000	    0.0000000000	    0.0000000000	    0.0000000000	    0.0000000000	    0.0000000000	    0.0000000000	    0.0000000000	    0.0000000000	    0.0000000000	    0.0000000000	    0.0000000000	    0.0000000000	    0.0000000000	    0.0000000000	    0.0000000000	    0.0000000000	    0.0000000000	    0.0000225006
55  	    0.0000000000	    0.0000000000	    0.0000000000	    0.0000000000	    0.0000000000	    0.0000000000	    0.0000000000	    0.0000000000	    0.0000000000	    0.0000000000	    0.0000000000	    0.0000000000	    0.0000000000	    0.0000000000	    0.0000000000	    0.0000000000	    0.0000000000	    0.0000000000	    0.0000000000	    0.0000000000	    0.0000000000	    0.0000000000	    0.0000000000	    0.0000000000	    0.0000227339
56  	    0.0000000000	    0.0000000000	    0.0000000000	    0.0000000000	    0.0000000000	    0.0000000000	    0.0000000000	    0.0000000000	    0.0000000000	    0.0000000000	    0.0000000000	    0.0000000000	    0.0000000000	    0.0000000000	    0.0000000000	    0.0000000000	    0.0000000000	    0.0000000000	    0.0000000000	    0.0000000000	    0.0000000000	    0.0000000000	    0.0000000000	    0.0000000000	    0.0000229695
57  	    0.0000000000	    0.0000000000	    0.0000000000	    0.0000000000	    0.0000000000	    0.0000000000	    0.0000000000	    0.0000000000	    0.0000000000	    0.0000000000	    0.0000000000	    0.0000000000	    0.0000000000	    0.0000000000	    0.0000000000	    0.0000000000	    0.0000000000	    0.0000000000	    0.0000000000	    0.0000000000	    0.0000000000	    0.0000000000	    0.0000000000	    0.0000000000	    0.0000232075
58  	    0.0000000000	    0.0000000000	    0.0000000000	    0.0000000000	    0.0000000000	    0.0000000000	    0.0000000000	    0.0000000000	    0.0000000000	    0.0000000000	    0.0000000000	    0.0000000000	    0.0000000000	    0.0000000000	    0.0000000000	    0.0000000000	    0.0000000000	    0.0000000000	    0.0000000000	    0.0000000000	    0.0000000000	    0.0000000000	    0.0000000000	    0.0000000000	    0.0000234479
59  	    0.0000000000	    0.0000000000	    0.0000000000	    0.0000000000	    0.0000000000	    0.0000000000	    0.0000000000	    0.0000000000	    0.0000000000	    0.0000000000	    0.0000000000	    0.0000000000	    0.0000000000	    0.0000000000	    0.0000000000	    0.0000000000	    0.0000000000	    0.0000000000	    0.0000000000	    0.0000000000	    0.0000000000	    0.0000000000	    0.0000000000	    0.0000000000	    0.0000236906
60  	    0.0000000000	    0.0000000000	    0.0000000000	    0.0000000000	    0.0000000000	    0.0000000000	    0.0000000000	    0.0000000000	    0.0000000000	    0.0000000000	    0.0000000000	    0.0000000000	    0.0000000000	    0.0000000000	    0.0000000000	    0.0000000000	    0.0000000000	    0.0000000000	    0.0000000000	    0.0000000000	    0.0000000000	    0.0000000000	    0.0000000000	    0.0000000000	    0.0000239358
61  	    0.0000000000	    0.0000000000	    0.0000000000	    0.0000000000	    0.0000000000	    0.0000000000	    0.0000000000	    0.0000000000	    0.0000000000	    0.0000000000	    0.0000000000	    0.0000000000	    0.0000000000	    0.0000000000	    0.0000000000	    0.0000000000	    0.0000000000	    0.0000000000	    0.0000000000	    0.0000000000	    0.0000000000	    0.0000000000	    0.0000000000	    0.0000000000	    0.0000241834
62  	    0.0000000000	    0.0000000000	    0.0000000000	    0.0000000000	    0.0000000000	    0.0000000000	    0.0000000000	    0.0000000000	    0.0000000000	    0.0000000000	    0.0000000000	    0.0000000000	    0.0000000000	    0.0000000000	    0.0000000000	    0.0000000000	    0.0000000000	    0.0000000000	    0.0000000000	    0.0000000000	    0.0000000000	    0.0000000000	    0.0000000000	    0.0000000000	    0.0000244336
63  	    0.0000000000	    0.0000000000	    0.0000000000	    0.0000000000	    0.0000000000	    0.0000000000	    0.0000000000	    0.0000000000	    0.0000000000	    0.0000000000	    0.0000000000	    0.0000000000	    0.0000000000	    0.0000000000	    0.0000000000	    0.0000000000	    0.0000000000	    0.0000000000	    0.0000000000	    0.0000000000	    0.0000000000	    0.0000000000	    0.0000000000	    0.0000000000	    0.0000246861
64  	    0.0000000000	    0.0000000000	    0.0000000000	    0.0000000000	    0.0000000000	    0.0000000000	    0.0000000000	    0.0000000000	    0.0000000000	    0.0000000000	    0.0000000000	    0.0000000000	    0.0000000000	    0.0000000000	    0.0000000000	    0.0000000000	    0.0000000000	    0.0000000000	    0.0000000000	    0.0000000000	    0.0000000000	    0.0000000000	    0.0000000000	    0.0000000000	    0.0000249411
65  	    0.0000000000	    0.0000000000	    0.0000000000	    0.0000000000	    0.0000000000	    0.0000000000	    0.0000000000	    0.0000000000	    0.0000000000	    0.0000000000	    0.0000000000	    0.0000000000	    0.0000000000	    0.0000000000	    0.0000000000	    0.0000000000	    0.0000000000	    0.0000000000	    0.0000000000	    0.0000000000	    0.0000000000	    0.0000000000	    0.0000000000	    0.0000000000	    0.0000251987
66  	    0.0000000000	    0.0000000000	    0.0000000000	    0.0000000000	    0.0000000000	    0.0000000000	    0.0000000000	    0.0000000000	    0.0000000000	    0.0000000000	    0.0000000000	    0.0000000000	    0.0000000000	    0.0000000000	    0.0000000000	    0.0000000000	    0.0000000000	    0.0000000000	    0.0000000000	    0.0000000000	    0.0000000000	    0.0000000000	    0.0000000000	    0.0000000000	    0.0000254587
67  	    0.0000000000	    0.0000000000	    0.0000000000	    0.0000000000	    0.0000000000	    0.0000000000	    0.0000000000	    0.0000000000	    0.0000000000	    0.0000000000	    0.0000000000	    0.0000000000	    0.0000000000	    0.0000000000	    0.0000000000	    0.0000000000	    0.0000000000	    0.0000000000	    0.0000000000	    0.0000000000	    0.0000000000	    0.0000000000	    0.0000000000	    0.0000000000	    0.0000257211
68  	    0.0000000000	    0.0000000000	    0.0000000000	    0.0000000000	    0.0000000000	    0.0000000000	    0.0000000000	    0.0000000000	    0.0000000000	    0.0000000000	    0.0000000000	    0.0000000000	    0.0000000000	    0.0000000000	    0.0000000000	    0.0000000000	    0.0000000000	    0.0000000000	    0.0000000000	    0.0000000000	    0.0000000000	    0.0000000000	    0.0000000000	    0.0000000000	    0.0000259861
69  	    0.0000000000	    0.0000000000	    0.0000000000	    0.0000000000	    0.0000000000	    0.0000000000	    0.0000000000	    0.0000000000	    0.0000000000	    0.0000000000	    0.0000000000	    0.0000000000	    0.0000000000	    0.0000000000	    0.0000000000	    0.0000000000	    0.0000000000	    0.0000000000	    0.0000000000	    0.0000000000	    0.0000000000	    0.0000000000	    0.0000000000	    0.0000000000	    0.0000262537
70  	    0.0000000000	    0.0000000000	    0.0000000000	    0.0000000000	    0.0000000000	    0.0000000000	    0.0000000000	    0.0000000000	    0.0000000000	    0.0000000000	    0.0000000000	    0.0000000000	    0.0000000000	    0.0000000000	    0.0000000000	    0.0000000000	    0.0000000000	    0.0000000000	    0.0000000000	    0.0000000000	    0.0000000000	    0.0000000000	    0.0000000000	    0.0000000000	    0.0000265238
71  	    0.0000000000	    0.0000000000	    0.0000000000	    0.0000000000	    0.0000000000	    0.0000000000	    0.0000000000	    0.0000000000	    0.0000000000	    0.0000000000	    0.0000000000	    0.0000000000	    0.0000000000	    0.0000000000	    0.0000000000	    0.0000000000	    0.0000000000	    0.0000000000	    0.0000000000	    0.0000000000	    0.0000000000	    0.0000000000	    0.0000000000	    0.0000000000	    0.0000267966
72  	    0.0000000000	    0.0000000000	    0.0000000000	    0.0000000000	    0.0000000000	    0.0000000000	    0.0000000000	    0.0000000000	    0.0000000000	    0.0000000000	    0.0000000000	    0.0000000000	    0.0000000000	    0.0000000000	    0.0000000000	    0.0000000000	    0.0000000000	    0.0000000000	    0.0000000000	    0.0000000000	    0.0000000000	    0.0000000000	    0.0000000000	    0.0000000000	    0.0000270720
73  	    0.0000000000	    0.0000000000	    0.0000000000	    0.0000000000	    0.0000000000	    0.0000000000	    0.0000000000	    0.0000000000	    0.0000000000	    0.0000000000	    0.0000000000	    0.0000000000	    0.0000000000	    0.0000000000	    0.0000000000	    0.0000000000	    0.0000000000	    0.0000000000	    0.0000000000	    0.0000000000	    0.0000000000	    0.0000000000	    0.0000000000	    0.0000000000	    0.0000273502
74  	    0.0000000000	    0.0000000000	    0.0000000000	    0.0000000000	    0.0000000000	    0.0000000000	    0.0000000000	    0.0000000000	    0.0000000000	    0.0000000000	    0.0000000000	    0.0000000000	    0.0000000000	    0.0000000000	    0.0000000000	    0.0000000000	    0.0000000000	    0.0000000000	    0.0000000000	    0.0000000000	    0.0000000000	    0.0000000000	    0.0000000000	    0.0000000000	    0.0000276313
75  	    0.0000000000	    0.0000000000	    0.0000000000	    0.0000000000	    0.0000000000	    0.0000000000	    0.0000000000	    0.0000000000	    0.0000000000	    0.0000000000	    0.0000000000	    0.0000000000	    0.0000000000	    0.0000000000	    0.0000000000	    0.0000000000	    0.0000000000	    0.0000000000	    0.0000000000	    0.0000000000	    0.0000000000	    0.0000000000	    0.0000000000	    0.0000000000	    0.0000279153
76  	    0.0000000000	    0.0000000000	    0.0000000000	    0.0000000000	    0.0000000000	    0.0000000000	    0.0000000000	    0.0000000000	    0.0000000000	    0.0000000000	    0.0000000000	    0.0000000000	    0.0000000000	    0.0000000000	    0.0000000000	    0.0000000000	    0.0000000000	    0.0000000000	    0.0000000000	    0.0000000000	    0.0000000000	    0.0000000000	    0.0000000000	    0.0000000000	    0.0000282022
77  	    0.0000000000	    0.0000000000	    0.0000000000	    0.0000000000	    0.0000000000	    0.0000000000	    0.0000000000	    0.0000000000	    0.0000000000	    0.0000000000	    0.0000000000	    0.0000000000	    0.0000000000	    0.0000000000	    0.0000000000	    0.0000000000	    0.0000000000	    0.0000000000	    0.0000000000	    0.0000000000	    0.0000000000	    0.0000000000	    0.0000000000	    0.0000000000	    0.0000284920
78  	    0.0000000000	    0.0000000000	    0.0000000000	    0.0000000000	    0.0000000000	    0.0000000000	    0.0000000000	    0.0000000000	    0.0000000000	    0.0000000000	    0.0000000000	    0.0000000000	    0.0000000000	    0.0000000000	    0.0000000000	    0.0000000000	    0.0000000000	    0.0000000000	    0.0000000000	    0.0000000000	    0.0000000000	    0.0000000000	    0.0000000000	    0.0000000000	    0.0000287848
79  	    0.0000000000	    0.0000000000	    0.0000000000	    0.0000000000	    0.0000000000	    0.0000000000	    0.0000000000	    0.0000000000	    0.0000000000	    0.0000000000	    0.0000000000	    0.0000000000	    0.0000000000	    0.0000000000	    0.0000000000	    0.0000000000	    0.0000000000	    0.0000000000	    0.0000000000	    0.0000000000	    0.0000000000	    0.0000000000	    0.0000000000	    0.0000000000	    0.0000290805
80  	    0.0000000000	    0.0000000000	    0.0000000000	    0.0000000000	    0.0000000000	    0.0000000000	    0.0000000000	    0.0000000000	    0.0000000000	    0.0000000000	    0.0000000000	    0.0000000000	    0.0000000000	    0.0000000000	    0.0000000000	    0.0000000000	    0.0000000000	    0.0000000000	    0.0000000000	    0.0000000000	    0.0000000000	    0.0000000000	    0.0000000000	    0.0000000000	    0.0000293794
81  	    0.0000000000	    0.0000000000	    0.0000000000	    0.0000000000	    0.0000000000	    0.0000000000	    0.0000000000	    0.0000000000	    0.0000000000	    0.0000000000	    0.0000000000	    0.0000000000	    0.0000000000	    0.0000000000	    0.0000000000	    0.0000000000	    0.0000000000	    0.0000000000	    0.0000000000	    0.0000000000	    0.0000000000	    0.0000000000	    0.0000000000	    0.0000000000	    0.0000296814
82  	    0.0000000000	    0.0000000000	    0.0000000000	    0.0000000000	    0.0000000000	    0.0000000000	    0.0000000000	    0.0000000000	    0.0000000000	    0.0000000000	    0.0000000000	    0.0000000000	    0.0000000000	    0.0000000000	    0.0000000000	    0.0000000000	    0.0000000000	    0.0000000000	    0.0000000000	    0.0000000000	    0.0000000000	    0.0000000000	    0.0000000000	    0.0000000000	    0.0000299864
83  	    0.0000000000	    0.0000000000	    0.0000000000	    0.0000000000	    0.0000000000	    0.0000000000	    0.0000000000	    0.0000000000	    0.0000000000	    0.0000000000	    0.0000000000	    0.0000000000	    0.0000000000	    0.0000000000	    0.0000000000	    0.0000000000	    0.0000000000	    0.0000000000	    0.0000000000	    0.0000000000	    0.0000000000	    0.0000000000	    0.0000000000	    0.0000000000	    0.0000302946
84  	    0.0000000000	    0.0000000000	    0.0000000000	    0.0000000000	    0.0000000000	    0.0000000000	    0.0000000000	    0.0000000000	    0.0000000000	    0.0000000000	    0.0000000000	    0.0000000000	    0.0000000000	    0.0000000000	    0.0000000000	    0.0000000000	    0.0000000000	    0.0000000000	    0.0000000000	    0.0000000000	    0.0000000000	    0.0000000000	    0.0000000000	    0.0000000000	    0.0000306060
85  	    0.0000000000	    0.0000000000	    0.0000000000	    0.0000000000	    0.0000000000	    0.0000000000	    0.0000000000	    0.0000000000	    0.0000000000	    0.0000000000	    0.0000000000	    0.0000000000	    0.0000000000	    0.0000000000	    0.0000000000	    0.0000000000	    0.0000000000	    0.0000000000	    0.0000000000	    0.0000000000	    0.0000000000	    0.0000000000	    0.0000000000	    0.0000000000	    0.0000309207
86  	    0.0000000000	    0.0000000000	    0.0000000000	    0.0000000000	    0.0000000000	    0.0000000000	    0.0000000000	    0.0000000000	    0.0000000000	    0.0000000000	    0.0000000000	    0.0000000000	    0.0000000000	    0.0000000000	    0.0000000000	    0.0000000000	    0.0000000000	    0.0000000000	    0.0000000000	    0.0000000000	    0.0000000000	    0.0000000000	    0.0000000000	    0.0000000000	    0.0000312385
87  	    0.0000000000	    0.0000000000	    0.0000000000	    0.0000000000	    0.0000000000	    0.0000000000	    0.0000000000	    0.0000000000	    0.0000000000	    0.0000000000	    0.0000000000	    0.0000000000	    0.0000000000	    0.0000000000	    0.0000000000	    0.0000000000	    0.0000000000	    0.0000000000	    0.0000000000	    0.0000000000	    0.0000000000	    0.0000000000	    0.0000000000	    0.0000000000	    0.0000315597
88  	    0.0000000000	    0.0000000000	    0.0000000000	    0.0000000000	    0.0000000000	    0.0000000000	    0.0000000000	    0.0000000000	    0.0000000000	    0.0000000000	    0.0000000000	    0.0000000000	    0.0000000000	    0.0000000000	    0.0000000000	    0.0000000000	    0.0000000000	    0.0000000000	    0.0000000000	    0.0000000000	    0.0000000000	    0.0000000000	    0.0000000000	    0.0000000000	    0.0000318842
89  	    0.0000000000	    0.0000000000	    0.0000000000	    0.0000000000	    0.0000000000	    0.0000000000	    0.0000000000	    0.0000000000	    0.0000000000	    0.0000000000	    0.0000000000	    0.0000000000	    0.0000000000	    0.0000000000	    0.0000000000	    0.0000000000	    0.0000000000	    0.0000000000	    0.0000000000	    0.0000000000	    0.0000000000	    0.0000000000	    0.0000000000	    0.0000000000	    0.0000322120
90  	    0.0000000000	    0.0000000000	    0.0000000000	    0.0000000000	    0.0000000000	    0.0000000000	    0.0000000000	    0.0000000000	    0.0000000000	    0.0000000000	    0.0000000000	    0.0000000000	    0.0000000000	    0.0000000000	    0.0000000000	    0.0000000000	    0.0000000000	    0.0000000000	    0.0000000000	    0.0000000000	    0.0000000000	    0.0000000000	    0.0000000000	    0.0000000000	    0.0000325431
91  	    0.0000000000	    0.0000000000	    0.0000000000	    0.0000000000	    0.0000000000	    0.0000000000	    0.0000000000	    0.0000000000	    0.0000000000	    0.0000000000	    0.0000000000	    0.0000000000	    0.0000000000	    0.0000000000	    0.0000000000	    0.0000000000	    0.0000000000	    0.0000000000	    0.0000000000	    0.0000000000	    0.0000000000	    0.0000000000	    0.0000000000	    0.0000000000	    0.0000328777
92  	    0.0000000000	    0.0000000000	    0.0000000000	    0.0000000000	    0.0000000000	    0.0000000000	    0.0000000000	    0.0000000000	    0.0000000000	    0.0000000000	    0.0000000000	    0.0000000000	    0.0000000000	    0.0000000000	    0.0000000000	    0.0000000000	    0.0000000000	    0.0000000000	    0.0000000000	    0.0000000000	    0.0000000000	    0.0000000000	    0.0000000000	    0.0000000000	    0.0000332157
93  	    0.0000000000	    0.0000000000	    0.0000000000	    0.0000000000	    0.0000000000	    0.0000000000	    0.0000000000	    0.0000000000	    0.0000000000	    0.0000000000	    0.0000000000	    0.0000000000	    0.0000000000	    0.0000000000	    0.0000000000	    0.0000000000	    0.0000000000	    0.0000000000	    0.0000000000	    0.0000000000	    0.0000000000	    0.0000000000	    0.0000000000	    0.0000000000	    0.0000335571
94  	    0.0000000000	    0.0000000000	    0.0000000000	    0.0000000000	    0.0000000000	    0.0000000000	    0.0000000000	    0.0000000000	    0.0000000000	    0.0000000000	    0.0000000000	    0.0000000000	    0.0000000000	    0.0000000000	    0.0000000000	    0.0000000000	    0.0000000000	    0.0000000000	    0.0000000000	    0.0000000000	    0.0000000000	    0.0000000000	    0.0000000000	    0.0000000000	    0.0000339020
95  	    0.0000000000	    0.0000000000	    0.0000000000	    0.0000000000	    0.0000000000	    0.0000000000	    0.0000000000	    0.0000000000	    0.0000000000	    0.0000000000	    0.0000000000	    0.0000000000	    0.0000000000	    0.0000000000	    0.0000000000	    0.0000000000	    0.0000000000	    0.0000000000	    0.0000000000	    0.0000000000	    0.0000000000	    0.0000000000	    0.0000000000	    0.0000000000	    0.0000342504
96  	    0.0000000000	    0.0000000000	    0.0000000000	    0.0000000000	    0.0000000000	    0.0000000000	    0.0000000000	    0.0000000000	    0.0000000000	    0.0000000000	    0.0000000000	    0.0000000000	    0.0000000000	    0.0000000000	    0.0000000000	    0.0000000000	    0.0000000000	    0.0000000000	    0.0000000000	    0.0000000000	    0.0000000000	    0.0000000000	    0.0000000000	    0.0000000000	    0.0000346023
97  	    0.0000000000	    0.0000000000	    0.0000000000	    0.0000000000	    0.0000000000	    0.0000000000	    0.0000000000	    0.0000000000	    0.0000000000	    0.0000000000	    0.0000000000	    0.0000000000	    0.0000000000	    0.0000000000	    0.0000000000	    0.0000000000	    0.0000000000	    0.0000000000	    0.0000000000	    0.0000000000	    0.0000000000	    0.0000000000	    0.0000000000	    0.0000000000	    0.0000349577
98  	    0.0000000000	    0.0000000000	    0.0000000000	    0.0000000000	    0.0000000000	    0.0000000000	    0.0000000000	    0.0000000000	    0.0000000000	    0.0000000000	    0.0000000000	    0.0000000000	    0.0000000000	    0.0000000000	    0.0000000000	    0.0000000000	    0.0000000000	    0.0000000000	    0.0000000000	    0.0000000000	    0.0000000000	    0.0000000000	    0.0000000000	    0.0000000000	    0.0000353168
99  	    0.0000000000	    0.0000000000	    0.0000000000	    0.0000000000	    0.0000000000	    0.0000000000	    0.0000000000	    0.0000000000	    0.0000000000	    0.0000000000	    0.0000000000	    0.0000000000	    0.0000000000	    0.0000000000	    0.0000000000	    0.0000000000	    0.0000000000	    0.0000000000	    0.0000000000	    0.0000000000	    0.0000000000	    0.0000000000	    0.0000000000	    0.0000000000	    0.0000356794
100 	    0.0000000000	    0.0000000000	    0.0000000000	    0.0000000000	    0.0000000000	    0.0000000000	    0.0000000000	    0.0000000000	    0.0000000000	    0.0000000000	    0.0000000000	    0.0000000000	    0.0000000000	    0.0000000000	    0.0000000000	    0.0000000000	    0.0000000000	    0.0000000000	    0.0000000000	    0.0000000000	    0.0000000000	    0.0000000000	    0.0000000000	    0.0000000000	    0.0000360457
101 	    0.0000000000	    0.0000000000	    0.0000000000	    0.0000000000	    0.0000000000	    0.0000000000	    0.0000000000	    0.0000000000	    0.0000000000	    0.0000000000	    0.0000000000	    0.0000000000	    0.0000000000	    0.0000000000	    0.0000000000	    0.0000000000	    0.0000000000	    0.0000000000	    0.0000000000	    0.0000000000	    0.0000000000	    0.0000000000	    0.0000000000	    0.0000000000	    0.0000364156
102 	    0.0000000000	    0.0000000000	    0.0000000000	    0.0000000000	    0.0000000000	    0.0000000000	    0.0000000000	    0.0000000000	    0.0000000000	    0.0000000000	    0.0000000000	    0.0000000000	    0.0000000000	    0.0000000000	    0.0000000000	    0.0000000000	    0.0000000000	    0.0000000000	    0.0000000000	    0.0000000000	    0.0000000000	    0.0000000000	    0.0000000000	    0.0000000000	    0.0000367892
103 	    0.0000000000	    0.0000000000	    0.0000000000	    0.0000000000	    0.0000000000	    0.0000000000	    0.0000000000	    0.0000000000	    0.0000000000	    0.0000000000	    0.0000000000	    0.0000000000	    0.0000000000	    0.0000000000	    0.0000000000	    0.0000000000	    0.0000000000	    0.0000000000	    0.0000000000	    0.0000000000	    0.0000000000	    0.0000000000	    0.0000000000	    0.0000000000	    0.0000371665
104 	    0.0000000000	    0.0000000000	    0.0000000000	    0.0000000000	    0.0000000000	    0.0000000000	    0.0000000000	    0.0000000000	    0.0000000000	    0.0000000000	    0.0000000000	    0.0000000000	    0.0000000000	    0.0000000000	    0.0000000000	    0.0000000000	    0.0000000000	    0.0000000000	    0.0000000000	    0.0000000000	    0.0000000000	    0.0000000000	    0.0000000000	    0.0000000000	    0.0000375475
105 	    0.0000000000	    0.0000000000	    0.0000000000	    0.0000000000	    0.0000000000	    0.0000000000	    0.0000000000	    0.0000000000	    0.0000000000	    0.0000000000	    0.0000000000	    0.0000000000	    0.0000000000	    0.0000000000	    0.0000000000	    0.0000000000	    0.0000000000	    0.0000000000	    0.0000000000	    0.0000000000	    0.0000000000	    0.0000000000	    0.0000000000	    0.0000000000	    0.0000379323
106 	    0.0000000000	    0.0000000000	    0.0000000000	    0.0000000000	    0.0000000000	    0.0000000000	    0.0000000000	    0.0000000000	    0.0000000000	    0.0000000000	    0.0000000000	    0.0000000000	    0.0000000000	    0.0000000000	    0.0000000000	    0.0000000000	    0.0000000000	    0.0000000000	    0.0000000000	    0.0000000000	    0.0000000000	    0.0000000000	    0.0000000000	    0.0000000000	    0.0000383208
107 	    0.0000000000	    0.0000000000	    0.0000000000	    0.0000000000	    0.0000000000	    0.0000000000	    0.0000000000	    0.0000000000	    0.0000000000	    0.0000000000	    0.0000000000	    0.0000000000	    0.0000000000	    0.0000000000	    0.0000000000	    0.0000000000	    0.0000000000	    0.0000000000	    0.0000000000	    0.0000000000	    0.0000000000	    0.0000000000	    0.0000000000	    0.0000000000	    0.0000387131
108 	    0.0000000000	    0.0000000000	    0.0000000000	    0.0000000000	    0.0000000000	    0.0000000000	    0.0000000000	    0.0000000000	    0.0000000000	    0.0000000000	    0.0000000000	    0.0000000000	    0.0000000000	    0.0000000000	    0.0000000000	    0.0000000000	    0.0000000000	    0.0000000000	    0.0000000000	    0.0000000000	    0.0000000000	    0.0000000000	    0.0000000000	    0.0000000000	    0.0000391093
109 	    0.0000000000	    0.0000000000	    0.0000000000	    0.0000000000	    0.0000000000	    0.0000000000	    0.0000000000	    0.0000000000	    0.0000000000	    0.0000000000	    0.0000000000	    0.0000000000	    0.0000000000	    0.0000000000	    0.0000000000	    0.0000000000	    0.0000000000	    0.0000000000	    0.0000000000	    0.0000000000	    0.0000000000	    0.0000000000	    0.0000000000	    0.0000000000	    0.0000395093
110 	    0.0000000000	    0.0000000000	    0.0000000000	    0.0000000000	    0.0000000000	    0.0000000000	    0.0000000000	    0.0000000000	    0.0000000000	    0.0000000000	    0.0000000000	    0.0000000000	    0.0000000000	    0.0000000000	    0.0000000000	    0.0000000000	    0.0000000000	    0.0000000000	    0.0000000000	    0.0000000000	    0.0000000000	    0.0000000000	    0.0000000000	    0.0000000000	    0.0000399131
111 	    0.0000000000	    0.0000000000	    0.0000000000	    0.0000000000	    0.0000000000	    0.0000000000	    0.0000000000	    0.0000000000	    0.0000000000	    0.0000000000	    0.0000000000	    0.0000000000	    0.0000000000	    0.0000000000	    0.0000000000	    0.0000000000	    0.0000000000	    0.0000000000	    0.0000000000	    0.0000000000	    0.0000000000	    0.0000000000	    0.0000000000	    0.0000000000	    0.0000403209
112 	    0.0000000000	    0.0000000000	    0.0000000000	    0.0000000000	    0.0000000000	    0.0000000000	    0.0000000000	    0.0000000000	    0.0000000000	    0.0000000000	    0.0000000000	    0.0000000000	    0.0000000000	    0.0000000000	    0.0000000000	    0.0000000000	    0.0000000000	    0.0000000000	    0.0000000000	    0.0000000000	    0.0000000000	    0.0000000000	    0.0000000000	    0.0000000000	    0.0000407326
113 	    0.0000000000	    0.0000000000	    0.0000000000	    0.0000000000	    0.0000000000	    0.0000000000	    0.0000000000	    0.0000000000	    0.0000000000	    0.0000000000	    0.0000000000	    0.0000000000	    0.0000000000	    0.0000000000	    0.0000000000	    0.0000000000	    0.0000000000	    0.0000000000	    0.0000000000	    0.0000000000	    0.0000000000	    0.0000000000	    0.0000000000	    0.0000000000	    0.0000411482
114 	    0.0000000000	    0.0000000000	    0.0000000000	    0.0000000000	    0.0000000000	    0.0000000000	    0.0000000000	    0.0000000000	    0.0000000000	    0.0000000000	    0.0000000000	    0.0000000000	    0.0000000000	    0.0000000000	    0.0000000000	    0.0000000000	    0.0000000000	    0.0000000000	    0.0000000000	    0.0000000000	    0.0000000000	    0.0000000000	    0.0000000000	    0.0000000000	    0.0000415679
115 	    0.0000000000	    0.0000000000	    0.0000000000	    0.0000000000	    0.0000000000	    0.0000000000	    0.0000000000	    0.0000000000	    0.0000000000	    0.0000000000	    0.0000000000	    0.0000000000	    0.0000000000	    0.0000000000	    0.0000000000	    0.0000000000	    0.0000000000	    0.0000000000	    0.0000000000	    0.0000000000	    0.0000000000	    0.0000000000	    0.0000000000	    0.0000000000	    0.0000419915
116 	    0.0000000000	    0.0000000000	    0.0000000000	    0.0000000000	    0.0000000000	    0.0000000000	    0.0000000000	    0.0000000000	    0.0000000000	    0.0000000000	    0.0000000000	    0.0000000000	    0.0000000000	    0.0000000000	    0.0000000000	    0.0000000000	    0.0000000000	    0.0000000000	    0.0000000000	    0.0000000000	    0.0000000000	    0.0000000000	    0.0000000000	    0.0000000000	    0.0000424193
117 	    0.0000000000	    0.0000000000	    0.0000000000	    0.0000000000	    0.0000000000	    0.0000000000	    0.0000000000	    0.0000000000	    0.0000000000	    0.0000000000	    0.0000000000	    0.0000000000	    0.0000000000	    0.0000000000	    0.0000000000	    0.0000000000	    0.0000000000	    0.0000000000	    0.0000000000	    0.0000000000	    0.0000000000	    0.0000000000	    0.0000000000	    0.0000000000	    0.0000428511
118 	    0.0000000000	    0.0000000000	    0.0000000000	    0.0000000000	    0.0000000000	    0.0000000000	    0.0000000000	    0.0000000000	    0.0000000000	    0.0000000000	    0.0000000000	    0.0000000000	    0.0000000000	    0.0000000000	    0.0000000000	    0.0000000000	    0.0000000000	    0.0000000000	    0.0000000000	    0.0000000000	    0.0000000000	    0.0000000000	    0.0000000000	    0.0000000000	    0.0000432870
119 	    0.0000000000	    0.0000000000	    0.0000000000	    0.0000000000	    0.0000000000	    0.0000000000	    0.0000000000	    0.0000000000	    0.0000000000	    0.0000000000	    0.0000000000	    0.0000000000	    0.0000000000	    0.0000000000	    0.0000000000	    0.0000000000	    0.0000000000	    0.0000000000	    0.0000000000	    0.0000000000	    0.0000000000	    0.0000000000	    0.0000000000	    0.0000000000	    0.0000437271
120 	    0.0000000000	    0.0000000000	    0.0000000000	    0.0000000000	    0.0000000000	    0.0000000000	    0.0000000000	    0.0000000000	    0.0000000000	    0.0000000000	    0.0000000000	    0.0000000000	    0.0000000000	    0.0000000000	    0.0000000000	    0.0000000000	    0.0000000000	    0.0000000000	    0.0000000000	    0.0000000000	    0.0000000000	    0.0000000000	    0.0000000000	    0.0000000000	    0.0000441714
121 	    0.0000000000	    0.0000000000	    0.0000000000	    0.0000000000	    0.0000000000	    0.0000000000	    0.0000000000	    0.0000000000	    0.0000000000	    0.0000000000	    0.0000000000	    0.0000000000	    0.0000000000	    0.0000000000	    0.0000000000	    0.0000000000	    0.0000000000	    0.0000000000	    0.0000000000	    0.0000000000	    0.0000000000	    0.0000000000	    0.0000000000	    0.0000000000	    0.0000446200
122 	    0.0000000000	    0.0000000000	    0.0000000000	    0.0000000000	    0.0000000000	    0.0000000000	    0.0000000000	    0.0000000000	    0.0000000000	    0.0000000000	    0.0000000000	    0.0000000000	    0.0000000000	    0.0000000000	    0.0000000000	    0.0000000000	    0.0000000000	    0.0000000000	    0.0000000000	    0.0000000000	    0.0000000000	    0.0000000000	    0.0000000000	    0.0000000000	    0.0000450728
123 	    0.0000000000	    0.0000000000	    0.0000000000	    0.0000000000	    0.0000000000	    0.0000000000	    0.0000000000	    0.0000000000	    0.0000000000	    0.0000000000	    0.0000000000	    0.0000000000	    0.0000000000	    0.0000000000	    0.0000000000	    0.0000000000	    0.0000000000	    0.0000000000	    0.0000000000	    0.0000000000	    0.0000000000	    0.0000000000	    0.0000000000	    0.0000000000	    0.0000455299
124 	    0.0000000000	    0.0000000000	    0.0000000000	    0.0000000000	    0.0000000000	    0.0000000000	    0.0000000000	    0.0000000000	    0.0000000000	    0.0000000000	    0.0000000000	    0.0000000000	    0.0000000000	    0.0000000000	    0.0000000000	    0.0000000000	    0.0000000000	    0.0000000000	    0.0000000000	    0.0000000000	    0.0000000000	    0.0000000000	    0.0000000000	    0.0000000000	    0.0000459914
125 	    0.0000000000	    0.0000000000	    0.0000000000	    0.0000000000	    0.0000000000	    0.0000000000	    0.0000000000	    0.0000000000	    0.0000000000	    0.0000000000	    0.0000000000	    0.0000000000	    0.0000000000	    0.0000000000	    0.0000000000	    0.0000000000	    0.0000000000	    0.0000000000	    0.0000000000	    0.0000000000	    0.0000000000	    0.0000000000	    0.0000000000	    0.0000000000	    0.0000464574
126 	    0.0000000000	    0.0000000000	    0.0000000000	    0.0000000000	    0.0000000000	    0.0000000000	    0.0000000000	    0.0000000000	    0.0000000000	    0.0000000000	    0.0000000000	    0.0000000000	    0.0000000000	    0.0000000000	    0.0000000000	    0.0000000000	    0.0000000000	    0.0000000000	    0.0000000000	    0.0000000000	    0.0000000000	    0.0000000000	    0.0000000000	    0.0000000000	    0.0000469277
127 	    0.0000000000	    0.0000000000	    0.0000000000	    0.0000000000	    0.0000000000	    0.0000000000	    0.0000000000	    0.0000000000	    0.0000000000	    0.0000000000	    0.0000000000	    0.0000000000	    0.0000000000	    0.0000000000	    0.0000000000	    0.0000000000	    0.0000000000	    0.0000000000	    0.0000000000	    0.0000000000	    0.0000000000	    0.0000000000	    0.0000000000	    0.0000000000	    0.0000474026
128 	    0.0000000000	    0.0000000000	    0.0000000000	    0.0000000000	    0.0000000000	    0.0000000000	    0.0000000000	    0.0000000000	    0.0000000000	    0.0000000000	    0.0000000000	    0.0000000000	    0.0000000000	    0.0000000000	    0.0000000000	    0.0000000000	    0.0000000000	    0.0000000000	    0.0000000000	    0.0000000000	    0.0000000000	    0.0000000000	    0.0000000000	    0.0000000000	    0.0000478820
129 	    0.0000000000	    0.0000000000	    0.0000000000	    0.0000000000	    0.0000000000	    0.0000000000	    0.0000000000	    0.0000000000	    0.0000000000	    0.0000000000	    0.0000000000	    0.0000000000	    0.0000000000	    0.0000000000	    0.0000000000	    0.0000000000	    0.0000000000	    0.0000000000	    0.0000000000	    0.0000000000	    0.0000000000	    0.0000000000	    0.0000000000	    0.0000000000	    0.0000483660
130 	    0.0000000000	    0.0000000000	    0.0000000000	    0.0000000000	    0.0000000000	    0.0000000000	    0.0000000000	    0.0000000000	    0.0000000000	    0.0000000000	    0.0000000000	    0.0000000000	    0.0000000000	    0.0000000000	    0.0000000000	    0.0000000000	    0.0000000000	    0.0000000000	    0.0000000000	    0.0000000000	    0.0000000000	    0.0000000000	    0.0000000000	    0.0000000000	    0.0000488547
131 	    0.0000000000	    0.0000000000	    0.0000000000	    0.0000000000	    0.0000000000	    0.0000000000	    0.0000000000	    0.0000000000	    0.0000000000	    0.0000000000	    0.0000000000	    0.0000000000	    0.0000000000	    0.0000000000	    0.0000000000	    0.0000000000	    0.0000000000	    0.0000000000	    0.0000000000	    0.0000000000	    0.0000000000	    0.0000000000	    0.0000000000	    0.0000000000	    0.0000493480
132 	    0.0000000000	    0.0000000000	    0.0000000000	    0.0000000000	    0.0000000000	    0.0000000000	    0.0000000000	    0.0000000000	    0.0000000000	    0.0000000000	    0.0000000000	    0.0000000000	    0.0000000000	    0.0000000000	    0.0000000000	    0.0000000000	    0.0000000000	    0.0000000000	    0.0000000000	    0.0000000000	    0.0000000000	    0.0000000000	    0.0000000000	    0.0000000000	    0.0000498461
133 	    0.0000000000	    0.0000000000	    0.0000000000	    0.0000000000	    0.0000000000	    0.0000000000	    0.0000000000	    0.0000000000	    0.0000000000	    0.0000000000	    0.0000000000	    0.0000000000	    0.0000000000	    0.0000000000	    0.0000000000	    0.0000000000	    0.0000000000	    0.0000000000	    0.0000000000	    0.0000000000	    0.0000000000	    0.0000000000	    0.0000000000	    0.0000000000	    0.0000503489
134 	    0.0000000000	    0.0000000000	    0.0000000000	    0.0000000000	    0.0000000000	    0.0000000000	    0.0000000000	    0.0000000000	    0.0000000000	    0.0000000000	    0.0000000000	    0.0000000000	    0.0000000000	    0.0000000000	    0.0000000000	    0.0000000000	    0.0000000000	    0.0000000000	    0.0000000000	    0.0000000000	    0.0000000000	    0.0000000000	    0.0000000000	    0.0000000000	    0.0000508567
135 	    0.0000000000	    0.0000000000	    0.0000000000	    0.0000000000	    0.0000000000	    0.0000000000	    0.0000000000	    0.0000000000	    0.0000000000	    0.0000000000	    0.0000000000	    0.0000000000	    0.0000000000	    0.0000000000	    0.0000000000	    0.0000000000	    0.0000000000	    0.0000000000	    0.0000000000	    0.0000000000	    0.0000000000	    0.0000000000	    0.0000000000	    0.0000000000	    0.0000513693
136 	    0.0000000000	    0.0000000000	    0.0000000000	    0.0000000000	    0.0000000000	    0.0000000000	    0.0000000000	    0.0000000000	    0.0000000000	    0.0000000000	    0.0000000000	    0.0000000000	    0.0000000000	    0.0000000000	    0.0000000000	    0.0000000000	    0.0000000000	    0.0000000000	    0.0000000000	    0.0000000000	    0.0000000000	    0.0000000000	    0.0000000000	    0.0000000000	    0.0000518868
137 	    0.0000000000	    0.0000000000	    0.0000000000	    0.0000000000	    0.0000000000	    0.0000000000	    0.0000000000	    0.0000000000	    0.0000000000	    0.0000000000	    0.0000000000	    0.0000000000	    0.0000000000	    0.0000000000	    0.0000000000	    0.0000000000	    0.0000000000	    0.0000000000	    0.0000000000	    0.0000000000	    0.0000000000	    0.0000000000	    0.0000000000	    0.0000000000	    0.0000524094
138 	    0.0000000000	    0.0000000000	    0.0000000000	    0.0000000000	    0.0000000000	    0.0000000000	    0.0000000000	    0.0000000000	    0.0000000000	    0.0000000000	    0.0000000000	    0.0000000000	    0.0000000000	    0.0000000000	    0.0000000000	    0.0000000000	    0.0000000000	    0.0000000000	    0.0000000000	    0.0000000000	    0.0000000000	    0.0000000000	    0.0000000000	    0.0000000000	    0.0000529370
139 	    0.0000000000	    0.0000000000	    0.0000000000	    0.0000000000	    0.0000000000	    0.0000000000	    0.0000000000	    0.0000000000	    0.0000000000	    0.0000000000	    0.0000000000	    0.0000000000	    0.0000000000	    0.0000000000	    0.0000000000	    0.0000000000	    0.0000000000	    0.0000000000	    0.0000000000	    0.0000000000	    0.0000000000	    0.0000000000	    0.0000000000	    0.0000000000	    0.0000534697
140 	    0.0000000000	    0.0000000000	    0.0000000000	    0.0000000000	    0.0000000000	    0.0000000000	    0.0000000000	    0.0000000000	    0.0000000000	    0.0000000000	    0.0000000000	    0.0000000000	    0.0000000000	    0.0000000000	    0.0000000000	    0.0000000000	    0.0000000000	    0.0000000000	    0.0000000000	    0.0000000000	    0.0000000000	    0.0000000000	    0.0000000000	    0.0000000000	    0.0000540076
141 	    0.0000000000	    0.0000000000	    0.0000000000	    0.0000000000	    0.0000000000	    0.0000000000	    0.0000000000	    0.0000000000	    0.0000000000	    0.0000000000	    0.0000000000	    0.0000000000	    0.0000000000	    0.0000000000	    0.0000000000	    0.0000000000	    0.0000000000	    0.0000000000	    0.0000000000	    0.0000000000	    0.0000000000	    0.0000000000	    0.0000000000	    0.0000000000	    0.0000545507
142 	    0.0000000000	    0.0000000000	    0.0000000000	    0.0000000000	    0.0000000000	    0.0000000000	    0.0000000000	    0.0000000000	    0.0000000000	    0.0000000000	    0.0000000000	    0.0000000000	    0.0000000000	    0.0000000000	    0.0000000000	    0.0000000000	    0.0000000000	    0.0000000000	    0.0000000000	    0.0000000000	    0.0000000000	    0.0000000000	    0.0000000000	    0.0000000000	    0.0000550991
143 	    0.0000000000	    0.0000000000	    0.0000000000	    0.0000000000	    0.0000000000	    0.0000000000	    0.0000000000	    0.0000000000	    0.0000000000	    0.0000000000	    0.0000000000	    0.0000000000	    0.0000000000	    0.0000000000	    0.0000000000	    0.0000000000	    0.0000000000	    0.0000000000	    0.0000000000	    0.0000000000	    0.0000000000	    0.0000000000	    0.0000000000	    0.0000000000	    0.0000556527
144 	    0.0000000000	    0.0000000000	    0.0000000000	    0.0000000000	    0.0000000000	    0.0000000000	    0.0000000000	    0.0000000000	    0.0000000000	    0.0000000000	    0.0000000000	    0.0000000000	    0.0000000000	    0.0000000000	    0.0000000000	    0.0000000000	    0.0000000000	    0.0000000000	    0.0000000000	    0.0000000000	    0.0000000000	    0.0000000000	    0.0000000000	    0.0000000000	    0.0000562118
145 	    0.0000000000	    0.0000000000	    0.0000000000	    0.0000000000	    0.0000000000	    0.0000000000	    0.0000000000	    0.0000000000	    0.0000000000	    0.0000000000	    0.0000000000	    0.0000000000	    0.0000000000	    0.0000000000	    0.0000000000	    0.0000000000	    0.0000000000	    0.0000000000	    0.0000000000	    0.0000000000	    0.0000000000	    0.0000000000	    0.0000000000	    0.0000000000	    0.0000567764
146 	    0.0000000000	    0.0000000000	    0.0000000000	    0.0000000000	    0.0000000000	    0.0000000000	    0.0000000000	    0.0000000000	    0.0000000000	    0.0000000000	    0.0000000000	    0.0000000000	    0.0000000000	    0.0000000000	    0.0000000000	    0.0000000000	    0.0000000000	    0.0000000000	    0.0000000000	    0.0000000000	    0.0000000000	    0.0000000000	    0.0000000000	    0.0000000000	    0.0000573464
147 	    0.0000000000	    0.0000000000	    0.0000000000	    0.0000000000	    0.0000000000	    0.0000000000	    0.0000000000	    0.0000000000	    0.0000000000	    0.0000000000	    0.0000000000	    0.0000000000	    0.0000000000	    0.0000000000	    0.0000000000	    0.0000000000	    0.0000000000	    0.0000000000	    0.0000000000	    0.0000000000	    0.0000000000	    0.0000000000	    0.0000000000	    0.0000000000	    0.0000579220
148 	    0.0000000000	    0.0000000000	    0.0000000000	    0.0000000000	    0.0000000000	    0.0000000000	    0.0000000000	    0.0000000000	    0.0000000000	    0.0000000000	    0.0000000000	    0.0000000000	    0.0000000000	    0.0000000000	    0.0000000000	    0.0000000000	    0.0000000000	    0.0000000000	    0.0000000000	    0.0000000000	    0.0000000000	    0.0000000000	    0.0000000000	    0.0000000000	    0.0000585031
149 	    0.0000000000	    0.0000000000	    0.0000000000	    0.0000000000	    0.0000000000	    0.0000000000	    0.0000000000	    0.0000000000	    0.0000000000	    0.0000000000	    0.0000000000	    0.0000000000	    0.0000000000	    0.0000000000	    0.0000000000	    0.0000000000	    0.0000000000	    0.0000000000	    0.0000000000	    0.0000000000	    0.0000000000	    0.0000000000	    0.0000000000	    0.0000000000	    0.0000590900
150 	    0.0000000000	    0.0000000000	    0.0000000000	    0.0000000000	    0.0000000000	    0.0000000000	    0.0000000000	    0.0000000000	    0.0000000000	    0.0000000000	    0.0000000000	    0.0000000000	    0.0000000000	    0.0000000000	    0.0000000000	    0.0000000000	    0.0000000000	    0.0000000000	    0.0000000000	    0.0000000000	    0.0000000000	    0.0000000000	    0.0000000000	    0.0000000000	    0.0000596826
151 	    0.0000000000	    0.0000000000	    0.0000000000	    0.0000000000	    0.0000000000	    0.0000000000	    0.0000000000	    0.0000000000	    0.0000000000	    0.0000000000	    0.0000000000	    0.0000000000	    0.0000000000	    0.0000000000	    0.0000000000	    0.0000000000	    0.0000000000	    0.0000000000	    0.0000000000	    0.0000000000	    0.0000000000	    0.0000000000	    0.0000000000	    0.0000000000	    0.0000602810
152 	    0.0000000000	    0.0000000000	    0.0000000000	    0.0000000000	    0.0000000000	    0.0000000000	    0.0000000000	    0.0000000000	    0.0000000000	    0.0000000000	    0.0000000000	    0.0000000000	    0.0000000000	    0.0000000000	    0.0000000000	    0.0000000000	    0.0000000000	    0.0000000000	    0.0000000000	    0.0000000000	    0.0000000000	    0.0000000000	    0.0000000000	    0.0000000000	    0.0000608852
153 	    0.0000000000	    0.0000000000	    0.0000000000	    0.0000000000	    0.0000000000	    0.0000000000	    0.0000000000	    0.0000000000	    0.0000000000	    0.0000000000	    0.0000000000	    0.0000000000	    0.0000000000	    0.0000000000	    0.0000000000	    0.0000000000	    0.0000000000	    0.0000000000	    0.0000000000	    0.0000000000	    0.0000000000	    0.0000000000	    0.0000000000	    0.0000000000	    0.0000614953
154 	    0.0000000000	    0.0000000000	    0.0000000000	    0.0000000000	    0.0000000000	    0.0000000000	    0.0000000000	    0.0000000000	    0.0000000000	    0.0000000000	    0.0000000000	    0.0000000000	    0.0000000000	    0.0000000000	    0.0000000000	    0.0000000000	    0.0000000000	    0.0000000000	    0.0000000000	    0.0000000000	    0.0000000000	    0.0000000000	    0.0000000000	    0.0000000000	    0.0000621113
155 	    0.0000000000	    0.0000000000	    0.0000000000	    0.0000000000	    0.0000000000	    0.0000000000	    0.0000000000	    0.0000000000	    0.0000000000	    0.0000000000	    0.0000000000	    0.0000000000	    0.0000000000	    0.0000000000	    0.0000000000	    0.0000000000	    0.0000000000	    0.0000000000	    0.0000000000	    0.0000000000	    0.0000000000	    0.0000000000	    0.0000000000	    0.0000000000	    0.0000627334
156 	    0.0000000000	    0.0000000000	    0.0000000000	    0.0000000000	    0.0000000000	    0.0000000000	    0.0000000000	    0.0000000000	    0.0000000000	    0.0000000000	    0.0000000000	    0.0000000000	    0.0000000000	    0.0000000000	    0.0000000000	    0.0000000000	    0.0000000000	    0.0000000000	    0.0000000000	    0.0000000000	    0.0000000000	    0.0000000000	    0.0000000000	    0.0000000000	    0.0000633615
157 	    0.0000000000	    0.0000000000	    0.0000000000	    0.0000000000	    0.0000000000	    0.0000000000	    0.0000000000	    0.0000000000	    0.0000000000	    0.0000000000	    0.0000000000	    0.0000000000	    0.0000000000	    0.0000000000	    0.0000000000	    0.0000000000	    0.0000000000	    0.0000000000	    0.0000000000	    0.0000000000	    0.0000000000	    0.0000000000	    0.0000000000	    0.0000000000	    0.0000639958
158 	    0.0000000000	    0.0000000000	    0.0000000000	    0.0000000000	    0.0000000000	    0.0000000000	    0.0000000000	    0.0000000000	    0.0000000000	    0.0000000000	    0.0000000000	    0.0000000000	    0.0000000000	    0.0000000000	    0.0000000000	    0.0000000000	    0.0000000000	    0.0000000000	    0.0000000000	    0.0000000000	    0.0000000000	    0.0000000000	    0.0000000000	    0.0000000000	    0.0000646363
159 	    0.0000000000	    0.0000000000	    0.0000000000	    0.0000000000	    0.0000000000	    0.0000000000	    0.0000000000	    0.0000000000	    0.0000000000	    0.0000000000	    0.0000000000	    0.0000000000	    0.0000000000	    0.0000000000	    0.0000000000	    0.0000000000	    0.0000000000	    0.0000000000	    0.0000000000	    0.0000000000	    0.0000000000	    0.0000000000	    0.0000000000	    0.0000000000	    0.0000652830
160 	    0.0000000000	    0.0000000000	    0.0000000000	    0.0000000000	    0.0000000000	    0.0000000000	    0.0000000000	    0.0000000000	    0.0000000000	    0.0000000000	    0.0000000000	    0.0000000000	    0.0000000000	    0.0000000000	    0.0000000000	    0.0000000000	    0.0000000000	    0.0000000000	    0.0000000000	    0.0000000000	    0.0000000000	    0.0000000000	    0.0000000000	    0.0000000000	    0.0000659360
161 	    0.0000000000	    0.0000000000	    0.0000000000	    0.0000000000	    0.0000000000	    0.0000000000	    0.0000000000	    0.0000000000	    0.0000000000	    0.0000000000	    0.0000000000	    0.0000000000	    0.0000000000	    0.0000000000	    0.0000000000	    0.0000000000	    0.0000000000	    0.0000000000	    0.0000000000	    0.0000000000	    0.0000000000	    0.0000000000	    0.0000000000	    0.0000000000	    0.0000665953
162 	    0.0000000000	    0.0000000000	    0.0000000000	    0.0000000000	    0.0000000000	    0.0000000000	    0.0000000000	    0.0000000000	    0.0000000000	    0.0000000000	    0.0000000000	    0.0000000000	    0.0000000000	    0.0000000000	    0.0000000000	    0.0000000000	    0.0000000000	    0.0000000000	    0.0000000000	    0.0000000000	    0.0000000000	    0.0000000000	    0.0000000000	    0.0000000000	    0.0000672610
163 	    0.0000000000	    0.0000000000	    0.0000000000	    0.0000000000	    0.0000000000	    0.0000000000	    0.0000000000	    0.0000000000	    0.0000000000	    0.0000000000	    0.0000000000	    0.0000000000	    0.0000000000	    0.0000000000	    0.0000000000	    0.0000000000	    0.0000000000	    0.0000000000	    0.0000000000	    0.0000000000	    0.0000000000	    0.0000000000	    0.0000000000	    0.0000000000	    0.0000679332
164 	    0.0000000000	    0.0000000000	    0.0000000000	    0.0000000000	    0.0000000000	    0.0000000000	    0.0000000000	    0.0000000000	    0.0000000000	    0.0000000000	    0.0000000000	    0.0000000000	    0.0000000000	    0.0000000000	    0.0000000000	    0.0000000000	    0.0000000000	    0.0000000000	    0.0000000000	    0.0000000000	    0.0000000000	    0.0000000000	    0.0000000000	    0.0000000000	    0.0000686120
165 	    0.0000000000	    0.0000000000	    0.0000000000	    0.0000000000	    0.0000000000	    0.0000000000	    0.0000000000	    0.0000000000	    0.0000000000	    0.0000000000	    0.0000000000	    0.0000000000	    0.0000000000	    0.0000000000	    0.0000000000	    0.0000000000	    0.0000000000	    0.0000000000	    0.0000000000	    0.0000000000	    0.0000000000	    0.0000000000	    0.0000000000	    0.0000000000	    0.0000692972
166 	    0.0000000000	    0.0000000000	    0.0000000000	    0.0000000000	    0.0000000000	    0.0000000000	    0.0000000000	    0.0000000000	    0.0000000000	    0.0000000000	    0.0000000000	    0.0000000000	    0.0000000000	    0.0000000000	    0.0000000000	    0.0000000000	    0.0000000000	    0.0000000000	    0.0000000000	    0.0000000000	    0.0000000000	    0.0000000000	    0.0000000000	    0.0000000000	    0.0000699891
167 	    0.0000000000	    0.0000000000	    0.0000000000	    0.0000000000	    0.0000000000	    0.0000000000	    0.0000000000	    0.0000000000	    0.0000000000	    0.0000000000	    0.0000000000	    0.0000000000	    0.0000000000	    0.0000000000	    0.0000000000	    0.0000000000	    0.0000000000	    0.0000000000	    0.0000000000	    0.0000000000	    0.0000000000	    0.0000000000	    0.0000000000	    0.0000000000	    0.0000706876
168 	    0.0000000000	    0.0000000000	    0.0000000000	    0.0000000000	    0.0000000000	    0.0000000000	    0.0000000000	    0.0000000000	    0.0000000000	    0.0000000000	    0.0000000000	    0.0000000000	    0.0000000000	    0.0000000000	    0.0000000000	    0.0000000000	    0.0000000000	    0.0000000000	    0.0000000000	    0.0000000000	    0.0000000000	    0.0000000000	    0.0000000000	    0.0000000000	    0.0000713929
169 	    0.0000000000	    0.0000000000	    0.0000000000	    0.0000000000	    0.0000000000	    0.0000000000	    0.0000000000	    0.0000000000	    0.0000000000	    0.0000000000	    0.0000000000	    0.0000000000	    0.0000000000	    0.0000000000	    0.0000000000	    0.0000000000	    0.0000000000	    0.0000000000	    0.0000000000	    0.0000000000	    0.0000000000	    0.0000000000	    0.0000000000	    0.0000000000	    0.0000721049
170 	    0.0000000000	    0.0000000000	    0.0000000000	    0.0000000000	    0.0000000000	    0.0000000000	    0.0000000000	    0.0000000000	    0.0000000000	    0.0000000000	    0.0000000000	    0.0000000000	    0.0000000000	    0.0000000000	    0.0000000000	    0.0000000000	    0.0000000000	    0.0000000000	    0.0000000000	    0.0000000000	    0.0000000000	    0.0000000000	    0.0000000000	    0.0000000000	    0.0000728236
171 	    0.0000000000	    0.0000000000	    0.0000000000	    0.0000000000	    0.0000000000	    0.0000000000	    0.0000000000	    0.0000000000	    0.0000000000	    0.0000000000	    0.0000000000	    0.0000000000	    0.0000000000	    0.0000000000	    0.0000000000	    0.0000000000	    0.0000000000	    0.0000000000	    0.0000000000	    0.0000000000	    0.0000000000	    0.0000000000	    0.0000000000	    0.0000000000	    0.0000735492
172 	    0.0000000000	    0.0000000000	    0.0000000000	    0.0000000000	    0.0000000000	    0.0000000000	    0.0000000000	    0.0000000000	    0.0000000000	    0.0000000000	    0.0000000000	    0.0000000000	    0.0000000000	    0.0000000000	    0.0000000000	    0.0000000000	    0.0000000000	    0.0000000000	    0.0000000000	    0.0000000000	    0.0000000000	    0.0000000000	    0.0000000000	    0.0000000000	    0.0000742817
173 	    0.0000000000	    0.0000000000	    0.0000000000	    0.0000000000	    0.0000000000	    0.0000000000	    0.0000000000	    0.0000000000	    0.0000000000	    0.0000000000	    0.0000000000	    0.0000000000	    0.0000000000	    0.0000000000	    0.0000000000	    0.0000000000	    0.0000000000	    0.0000000000	    0.0000000000	    0.0000000000	    0.0000000000	    0.0000000000	    0.0000000000	    0.0000000000	    0.0000750210
174 	    0.0000000000	    0.0000000000	    0.0000000000	    0.0000000000	    0.0000000000	    0.0000000000	    0.0000000000	    0.0000000000	    0.0000000000	    0.0000000000	    0.0000000000	    0.0000000000	    0.0000000000	    0.0000000000	    0.0000000000	    0.0000000000	    0.0000000000	    0.0000000000	    0.0000000000	    0.0000000000	    0.0000000000	    0.0000000000	    0.0000000000	    0.0000000000	    0.0000757673
175 	    0.0000000000	    0.0000000000	    0.0000000000	    0.0000000000	    0.0000000000	    0.0000000000	    0.0000000000	    0.0000000000	    0.0000000000	    0.0000000000	    0.0000000000	    0.0000000000	    0.0000000000	    0.0000000000	    0.0000000000	    0.0000000000	    0.0000000000	    0.0000000000	    0.0000000000	    0.0000000000	    0.0000000000	    0.0000000000	    0.0000000000	    0.0000000000	    0.0000765205
176 	    0.0000000000	    0.0000000000	    0.0000000000	    0.0000000000	    0.0000000000	    0.0000000000	    0.0000000000	    0.0000000000	    0.0000000000	    0.0000000000	    0.0000000000	    0.0000000000	    0.0000000000	    0.0000000000	    0.0000000000	    0.0000000000	    0.0000000000	    0.0000000000	    0.0000000000	    0.0000000000	    0.0000000000	    0.0000000000	    0.0000000000	    0.0000000000	    0.0000772806
177 	    0.0000000000	    0.0000000000	    0.0000000000	    0.0000000000	    0.0000000000	    0.0000000000	    0.0000000000	    0.0000000000	    0.0000000000	    0.0000000000	    0.0000000000	    0.0000000000	    0.0000000000	    0.0000000000	    0.0000000000	    0.0000000000	    0.0000000000	    0.0000000000	    0.0000000000	    0.0000000000	    0.0000000000	    0.0000000000	    0.0000000000	    0.0000000000	    0.0000780477
178 	    0.0000000000	    0.0000000000	    0.0000000000	    0.0000000000	    0.0000000000	    0.0000000000	    0.0000000000	    0.0000000000	    0.0000000000	    0.0000000000	    0.0000000000	    0.0000000000	    0.0000000000	    0.0000000000	    0.0000000000	    0.0000000000	    0.0000000000	    0.0000000000	    0.0000000000	    0.0000000000	    0.0000000000	    0.0000000000	    0.0000000000	    0.0000000000	    0.0000788218
179 	    0.0000000000	    0.0000000000	    0.0000000000	    0.0000000000	    0.0000000000	    0.0000000000	    0.0000000000	    0.0000000000	    0.0000000000	    0.0000000000	    0.0000000000	    0.0000000000	    0.0000000000	    0.0000000000	    0.0000000000	    0.0000000000	    0.0000000000	    0.0000000000	    0.0000000000	    0.0000000000	    0.0000000000	    0.0000000000	    0.0000000000	    0.0000000000	    0.0000796028
180 	    0.0000000000	    0.0000000000	    0.0000000000	    0.0000000000	    0.0000000000	    0.0000000000	    0.0000000000	    0.0000000000	    0.0000000000	    0.0000000000	    0.0000000000	    0.0000000000	    0.0000000000	    0.0000000000	    0.0000000000	    0.0000000000	    0.0000000000	    0.0000000000	    0.0000000000	    0.0000000000	    0.0000000000	    0.0000000000	    0.0000000000	    0.0000000000	    0.0000803908
181 	    0.0000000000	    0.0000000000	    0.0000000000	    0.0000000000	    0.0000000000	    0.0000000000	    0.0000000000	    0.0000000000	    0.0000000000	    0.0000000000	    0.0000000000	    0.0000000000	    0.0000000000	    0.0000000000	    0.0000000000	    0.0000000000	    0.0000000000	    0.0000000000	    0.0000000000	    0.0000000000	    0.0000000000	    0.0000000000	    0.0000000000	    0.0000000000	    0.0000811856
182 	    0.0000000000	    0.0000000000	    0.0000000000	    0.0000000000	    0.0000000000	    0.0000000000	    0.0000000000	    0.0000000000	    0.0000000000	    0.0000000000	    0.0000000000	    0.0000000000	    0.0000000000	    0.0000000000	    0.0000000000	    0.0000000000	    0.0000000000	    0.0000000000	    0.0000000000	    0.0000000000	    0.0000000000	    0.0000000000	    0.0000000000	    0.0000000000	    0.0000819874
183 	    0.0000000000	    0.0000000000	    0.0000000000	    0.0000000000	    0.0000000000	    0.0000000000	    0.0000000000	    0.0000000000	    0.0000000000	    0.0000000000	    0.0000000000	    0.0000000000	    0.0000000000	    0.0000000000	    0.0000000000	    0.0000000000	    0.0000000000	    0.0000000000	    0.0000000000	    0.0000000000	    0.0000000000	    0.0000000000	    0.0000000000	    0.0000000000	    0.0000827962
184 	    0.0000000000	    0.0000000000	    0.0000000000	    0.0000000000	    0.0000000000	    0.0000000000	    0.0000000000	    0.0000000000	    0.0000000000	    0.0000000000	    0.0000000000	    0.0000000000	    0.0000000000	    0.0000000000	    0.0000000000	    0.0000000000	    0.0000000000	    0.0000000000	    0.0000000000	    0.0000000000	    0.0000000000	    0.0000000000	    0.0000000000	    0.0000000000	    0.0000836118
185 	    0.0000000000	    0.0000000000	    0.0000000000	    0.0000000000	    0.0000000000	    0.0000000000	    0.0000000000	    0.0000000000	    0.0000000000	    0.0000000000	    0.0000000000	    0.0000000000	    0.0000000000	    0.0000000000	    0.0000000000	    0.0000000000	    0.0000000000	    0.0000000000	    0.0000000000	    0.0000000000	    0.0000000000	    0.0000000000	    0.0000000000	    0.0000000000	    0.0000844344
186 	    0.0000000000	    0.0000000000	    0.0000000000	    0.0000000000	    0.0000000000	    0.0000000000	    0.0000000000	    0.0000000000	    0.0000000000	    0.0000000000	    0.0000000000	    0.0000000000	    0.0000000000	    0.0000000000	    0.0000000000	    0.0000000000	    0.0000000000	    0.0000000000	    0.0000000000	    0.0000000000	    0.0000000000	    0.0000000000	    0.0000000000	    0.0000000000	    0.0000852641
187 	    0.0000000000	    0.0000000000	    0.0000000000	    0.0000000000	    0.0000000000	    0.0000000000	    0.0000000000	    0.0000000000	    0.0000000000	    0.0000000000	    0.0000000000	    0.0000000000	    0.0000000000	    0.0000000000	    0.0000000000	    0.0000000000	    0.0000000000	    0.0000000000	    0.0000000000	    0.0000000000	    0.0000000000	    0.0000000000	    0.0000000000	    0.0000000000	    0.0000861009
188 	    0.0000000000	    0.0000000000	    0.0000000000	    0.0000000000	    0.0000000000	    0.0000000000	    0.0000000000	    0.0000000000	    0.0000000000	    0.0000000000	    0.0000000000	    0.0000000000	    0.0000000000	    0.0000000000	    0.0000000000	    0.0000000000	    0.0000000000	    0.0000000000	    0.0000000000	    0.0000000000	    0.0000000000	    0.0000000000	    0.0000000000	    0.0000000000	    0.0000869450
189 	    0.0000000000	    0.0000000000	    0.0000000000	    0.0000000000	    0.0000000000	    0.0000000000	    0.0000000000	    0.0000000000	    0.0000000000	    0.0000000000	    0.0000000000	    0.0000000000	    0.0000000000	    0.0000000000	    0.0000000000	    0.0000000000	    0.0000000000	    0.0000000000	    0.0000000000	    0.0000000000	    0.0000000000	    0.0000000000	    0.0000000000	    0.0000000000	    0.0000877966
190 	    0.0000000000	    0.0000000000	    0.0000000000	    0.0000000000	    0.0000000000	    0.0000000000	    0.0000000000	    0.0000000000	    0.0000000000	    0.0000000000	    0.0000000000	    0.0000000000	    0.0000000000	    0.0000000000	    0.0000000000	    0.0000000000	    0.0000000000	    0.0000000000	    0.0000000000	    0.0000000000	    0.0000000000	    0.0000000000	    0.0000000000	    0.0000000000	    0.0000886558
191 	    0.0000000000	    0.0000000000	    0.0000000000	    0.0000000000	    0.0000000000	    0.0000000000	    0.0000000000	    0.0000000000	    0.0000000000	    0.0000000000	    0.0000000000	    0.0000000000	    0.0000000000	    0.0000000000	    0.0000000000	    0.0000000000	    0.0000000000	    0.0000000000	    0.0000000000	    0.0000000000	    0.0000000000	    0.0000000000	    0.0000000000	    0.0000000000	    0.0000895231
192 	    0.0000000000	    0.0000000000	    0.0000000000	    0.0000000000	    0.0000000000	    0.0000000000	    0.0000000000	    0.0000000000	    0.0000000000	    0.0000000000	    0.0000000000	    0.0000000000	    0.0000000000	    0.0000000000	    0.0000000000	    0.0000000000	    0.0000000000	    0.0000000000	    0.0000000000	    0.0000000000	    0.0000000000	    0.0000000000	    0.0000000000	    0.0000000000	    0.0000903991
193 	    0.0000000000	    0.0000000000	    0.0000000000	    0.0000000000	    0.0000000000	    0.0000000000	    0.0000000000	    0.0000000000	    0.0000000000	    0.0000000000	    0.0000000000	    0.0000000000	    0.0000000000	    0.0000000000	    0.0000000000	    0.0000000000	    0.0000000000	    0.0000000000	    0.0000000000	    0.0000000000	    0.0000000000	    0.0000000000	    0.0000000000	    0.0000000000	    0.0000912846
194 	    0.0000000000	    0.0000000000	    0.0000000000	    0.0000000000	    0.0000000000	    0.0000000000	    0.0000000000	    0.0000000000	    0.0000000000	    0.0000000000	    0.0000000000	    0.0000000000	    0.0000000000	    0.0000000000	    0.0000000000	    0.0000000000	    0.0000000000	    0.0000000000	    0.0000000000	    0.0000000000	    0.0000000000	    0.0000000000	    0.0000000000	    0.0000000000	    0.0000921815
195 	    0.0000000000	    0.0000000000	    0.0000000000	    0.0000000000	    0.0000000000	    0.0000000000	    0.0000000000	    0.0000000000	    0.0000000000	    0.0000000000	    0.0000000000	    0.0000000000	    0.0000000000	    0.0000000000	    0.0000000000	    0.0000000000	    0.0000000000	    0.0000000000	    0.0000000000	    0.0000000000	    0.0000000000	    0.0000000000	    0.0000000000	    0.0000000000	    0.0000930920
196 	    0.0000000000	    0.0000000000	    0.0000000000	    0.0000000000	    0.0000000000	    0.0000000000	    0.0000000000	    0.0000000000	    0.0000000000	    0.0000000000	    0.0000000000	    0.0000000000	    0.0000000000	    0.0000000000	    0.0000000000	    0.0000000000	    0.0000000000	    0.0000000000	    0.0000000000	    0.0000000000	    0.0000000000	    0.0000000000	    0.0000000000	    0.0000000000	    0.0000940204
197 	    0.0000000000	    0.0000000000	    0.0000000000	    0.0000000000	    0.0000000000	    0.0000000000	    0.0000000000	    0.0000000000	    0.0000000000	    0.0000000000	    0.0000000000	    0.0000000000	    0.0000000000	    0.0000000000	    0.0000000000	    0.0000000000	    0.0000000000	    0.0000000000	    0.0000000000	    0.0000000000	    0.0000000000	    0.0000000000	    0.0000000000	    0.0000000000	    0.0000949801
198 	    0.0000000000	    0.0000000000	    0.0000000000	    0.0000000000	    0.0000000000	    0.0000000000	    0.0000000000	    0.0000000000	    0.0000000000	    0.0000000000	    0.0000000000	    0.0000000000	    0.0000000000	    0.0000000000	    0.0000000000	    0.0000000000	    0.0000000000	    0.0000000000	    0.0000000000	    0.0000000000	    0.0000000000	    0.0000000000	    0.0000000000	    0.0000000000	    0.0000959274
199 	    0.0000000000	    0.0000000000	    0.0000000000	    0.0000000000	    0.0000000000	    0.0000000000	    0.0000000000	    0.0000000000	    0.0000000000	    0.0000000000	    0.0000000000	    0.0000000000	    0.0000000000	    0.0000000000	    0.0000000000	    0.0000000000	    0.0000000000	    0.0000000000	    0.0000000000	    0.0000000000	    0.0000000000	    0.0000000000	    0.0000000000	    0.0000000000	    0.0001915201
200 	    0.0000000000	    0.0000000000	    0.0000000000	    0.0000000000	    0.0000000000	    0.0000000000	    0.0000000000	    0.0000000000	    0.0000000000	    0.0000000000	    0.0000000000	    0.0000000000	    0.0000000000	    0.0000000000	    0.0000000000	    0.0000000000	    0.0000000000	    0.0000000000	    0.0000000000	    0.0000000000	    0.0000000000	    0.0000000000	    0.0000000000	    0.0000000000	    0.0000000000
