T   	x_agg               	z_agg
0   	1.94702552379300E+11	5.727941771558609E+7
1   	1.85939493997508E+11	6.586852908131918E+7
2   	1.77570838212212E+11	7.408871065578377E+7
3   	1.69578833982468E+11	8.203418368318781E+7
4   	1.61946529195782E+11	8.969939868279944E+7
5   	1.54657734710404E+11	9.713922323634839E+7
6   	1.47696990015991E+11	1.044115608969562E+8
7   	1.41049530439787E+11	1.115130282049615E+8
8   	1.34701255828778E+11	1.184401733500937E+8
9   	1.28638700641372E+11	1.251894747906643E+8
10  	1.22849005385184E+11	1.317653825292152E+8
11  	1.17319889340325E+11	1.381643937707880E+8
12  	1.12039624510351E+11	1.444272697468459E+8
13  	1.06997010745609E+11	1.505512603365737E+8
14  	1.02181351986219E+11	1.565335598439332E+8
15  	9.75824335742952E+10	1.623589741202083E+8
16  	9.31905005872894E+10	1.680584021808716E+8
17  	8.89962371464900E+10	1.736167180650090E+8
18  	8.49907466567957E+10	1.790310711181369E+8
19  	8.11655329358442E+10	1.842985530814075E+8
20  	7.75124821924701E+10	1.894252276548446E+8
21  	7.40238458162660E+10	1.944082503137722E+8
22  	7.06922239417411E+10	1.992447190911998E+8
23  	6.75105497522144E+10	2.039316734002598E+8
24  	6.44720744901489E+10	2.068907447359800E+8
25  	6.15703531421320E+10	2.113120470794908E+8
26  	5.87992307681378E+10	2.156179471947110E+8
27  	5.61528294460747E+10	2.198061138012849E+8
28  	5.36255358039238E+10	2.238873758646615E+8
29  	5.12119891130248E+10	2.278595737695822E+8
30  	4.89070699172514E+10	2.317205042735611E+8
31  	4.67058891739587E+10	2.354679196254992E+8
32  	4.46037778836683E+10	2.390995266663979E+8
33  	4.25962771864940E+10	2.425804887014425E+8
34  	4.06791289043027E+10	2.460273007410272E+8
35  	3.88482665085474E+10	2.494061192130843E+8
36  	3.70998064946148E+10	2.527155705604779E+8
37  	3.54300401443918E+10	2.559542534747947E+8
38  	3.38354256595765E+10	2.591207383388969E+8
39  	3.23125806490498E+10	2.622135666553702E+8
40  	3.08582749543696E+10	2.652312504631826E+8
41  	2.94694237981725E+10	2.681722717425067E+8
42  	2.81430812409467E+10	2.710350818075624E+8
43  	2.68764339322997E+10	2.738199674185450E+8
44  	2.56667951434651E+10	2.765253543975588E+8
45  	2.45115990683899E+10	2.791496367656659E+8
46  	2.34083953813169E+10	2.816911761009954E+8
47  	2.23548440393143E+10	2.841483008833611E+8
48  	2.13487103187314E+10	2.865193058256360E+8
49  	2.03878600750502E+10	2.888024511916215E+8
50  	1.94702552160784E+10	2.909959621001355E+8
51  	1.85939493788827E+10	2.930980278149425E+8
52  	1.77570838012923E+10	2.951068010210828E+8
53  	1.69578833792148E+10	2.970302487609906E+8
54  	1.61946529014028E+10	2.988666473461092E+8
55  	1.54657734536830E+10	3.006142382667702E+8
56  	1.47696989850229E+10	3.022712274888619E+8
57  	1.41049530281486E+10	3.038357847360042E+8
58  	1.34701255677602E+10	3.051517895577965E+8
59  	1.28638700497000E+10	3.065535502650108E+8
60  	1.22849005247310E+10	3.079157653098103E+8
61  	1.17319889208656E+10	3.092376349548298E+8
62  	1.12039624384608E+10	3.105183441674415E+8
63  	1.06997010625525E+10	3.117570614520494E+8
64  	1.02181351871540E+10	3.129529385138469E+8
65  	9.758243346477762E+9	3.141051099266678E+8
66  	9.319050048270092E+9	3.152380386771199E+8
67  	8.899623704660881E+9	3.163513360382697E+8
68  	8.499074656140992E+9	3.174446054297336E+8
69  	8.116553284475148E+9	3.185174422596534E+8
70  	7.751248210547715E+9	3.195694337628760E+8
71  	7.402384573318834E+9	3.206001588358331E+8
72  	7.069222386240262E+9	3.216091878681117E+8
73  	6.751054967644681E+9	3.225960825705872E+8
74  	6.447207441779140E+9	3.235603958000985E+8
75  	6.157035307303104E+9	3.245016713805777E+8
76  	5.879923070214695E+9	3.254194439205793E+8
77  	5.615282938305392E+9	3.263132386271177E+8
78  	5.362553574373944E+9	3.271825711157447E+8
79  	5.121198905554917E+9	3.280269472167990E+8
80  	4.890706986236259E+9	3.288458627777276E+8
81  	4.670588912154033E+9	3.296388034614488E+8
82  	4.460377783360908E+9	3.304052445405916E+8
83  	4.259627713868782E+9	3.311446506876205E+8
84  	4.067912885864815E+9	3.318564757606873E+8
85  	3.884826646494763E+9	3.325401625851718E+8
86  	3.709980645297742E+9	3.331951427307629E+8
87  	3.543004010462839E+9	3.338208362840284E+8
88  	3.383542562160277E+9	3.344166516163695E+8
89  	3.231258061278509E+9	3.349819851473510E+8
90  	3.085827491973711E+9	3.355162211033238E+8
91  	2.946942376509868E+9	3.360187312712064E+8
92  	2.814308120936144E+9	3.364888747472555E+8
93  	2.687643390213611E+9	3.369259976806719E+8
94  	2.566679511465902E+9	3.373294330119354E+8
95  	2.451159904088038E+9	3.376985002057869E+8
96  	2.340839535504549E+9	3.380325049788696E+8
97  	2.235484401422527E+9	3.383307390219759E+8
98  	2.134871029477162E+9	3.385924797168586E+8
99  	2.038786005216877E+9	3.388169898459046E+8
100 	1.947025519422675E+9	3.390035172991417E+8
101 	1.859394935801454E+9	3.391512947778220E+8
102 	1.775708378136334E+9	3.392836586099392E+8
103 	1.695788336018284E+9	3.394002974247478E+8
104 	1.619465288322737E+9	3.395008935457906E+8
105 	1.546577343632566E+9	3.395851228791381E+8
106 	1.476969896844676E+9	3.396526547765138E+8
107 	1.410495301231850E+9	3.397031518951375E+8
108 	1.347012555264254E+9	3.397362700354232E+8
109 	1.286387003526278E+9	3.397516578238810E+8
110 	1.228490051094351E+9	3.397516611751085E+8
111 	1.173198890769866E+9	3.397516611407622E+8
112 	1.120396242588647E+9	3.397516611401447E+8
113 	1.069970105054415E+9	3.397516611388420E+8
114 	1.021813517568607E+9	3.397516611377670E+8
115 	9.758243335526006E+8	3.397516611370857E+8
116 	9.319050037811247E+8	3.397516611365673E+8
117 	8.899623694672763E+8	3.397516611360217E+8
118 	8.499074646602415E+8	3.397516611353427E+8
119 	8.116553275365875E+8	3.397516611344851E+8
120 	7.751248201848430E+8	3.397516611334389E+8
121 	7.402384565011079E+8	3.397516611322122E+8
122 	7.069222378306416E+8	3.397516611308205E+8
123 	6.751054960067917E+8	3.397516611292801E+8
124 	6.447207434543388E+8	3.397516611276063E+8
125 	6.157035300393015E+8	3.397516611258112E+8
126 	5.879923063615611E+8	3.397516611239049E+8
127 	5.615282932003317E+8	3.397516611218956E+8
128 	5.362553568355508E+8	3.397516611197894E+8
129 	5.121198899807355E+8	3.397516611175918E+8
130 	4.890706980747381E+8	3.397516611153073E+8
131 	4.670588906912194E+8	3.397516611129392E+8
132 	4.460377778354989E+8	3.397516611104902E+8
133 	4.259627709088166E+8	3.397516611079619E+8
134 	4.067912881299363E+8	3.397516611053552E+8
135 	3.884826642134791E+8	3.397516611026708E+8
136 	3.709980641134001E+8	3.397516610999082E+8
137 	3.543004006486498E+8	3.397516610970667E+8
138 	3.383542558362901E+8	3.397516610941454E+8
139 	3.231258057652043E+8	3.397516610911427E+8
140 	3.085827488510461E+8	3.397516610880573E+8
141 	2.946942373202491E+8	3.397516610848874E+8
142 	2.814308117777624E+8	3.397516610816312E+8
143 	2.687643387197245E+8	3.397516610782872E+8
144 	2.566679508585297E+8	3.397516610748533E+8
145 	2.451159901337082E+8	3.397516610713282E+8
146 	2.340839532877405E+8	3.397516610677097E+8
147 	2.235484398913625E+8	3.397516610639966E+8
148 	2.134871027081179E+8	3.397516610601871E+8
149 	2.038786002928731E+8	3.397516610562796E+8
150 	1.947025517237512E+8	3.397516610522728E+8
151 	1.859394933714640E+8	3.397516610481653E+8
152 	1.775708376143442E+8	3.397516610439554E+8
153 	1.695788334115087E+8	3.397516610396419E+8
154 	1.619465286505198E+8	3.397516610352235E+8
155 	1.546577341896830E+8	3.397516610306988E+8
156 	1.476969895187061E+8	3.397516610260664E+8
157 	1.410495299648840E+8	3.397516610213251E+8
158 	1.347012553752491E+8	3.397516610164734E+8
159 	1.286387002082555E+8	3.397516610115102E+8
160 	1.228490049715607E+8	3.397516610064340E+8
161 	1.173198889453176E+8	3.397516610012434E+8
162 	1.120396241331217E+8	3.397516609959373E+8
163 	1.069970103853579E+8	3.397516609905140E+8
164 	1.021813516421817E+8	3.397516609849722E+8
165 	9.758243324574253E+7	3.397516609793103E+8
166 	9.319050027352402E+7	3.397516609735274E+8
167 	8.899623684684643E+7	3.397516609676215E+8
168 	8.499074637063834E+7	3.397516609615912E+8
169 	8.116553266256599E+7	3.397516609554352E+8
170 	7.751248193149137E+7	3.397516609491519E+8
171 	7.402384556703326E+7	3.397516609427399E+8
172 	7.069222370372571E+7	3.397516609361978E+8
173 	6.751054952491154E+7	3.397516609295241E+8
174 	6.447207427307632E+7	3.397516609227175E+8
175 	6.157035293482922E+7	3.397516609157769E+8
176 	5.879923057016526E+7	3.397516609087012E+8
177 	5.615282925701237E+7	3.397516609014895E+8
178 	5.362553562337071E+7	3.397516608941413E+8
179 	5.121198894059792E+7	3.397516608866559E+8
180 	4.890706975258501E+7	3.397516608790331E+8
181 	4.670588901670354E+7	3.397516608712733E+8
182 	4.460377773349071E+7	3.397516608633765E+8
183 	4.259627704307552E+7	3.397516608553432E+8
184 	4.067912876733913E+7	3.397516608471746E+8
185 	3.884826637774818E+7	3.397516608388716E+8
186 	3.709980636970260E+7	3.397516608304371E+8
187 	3.543004002510156E+7	3.397516608218762E+8
188 	3.383542554565524E+7	3.397516608131982E+8
189 	3.231258054025575E+7	3.397516608044190E+8
190 	3.085827485047213E+7	3.397516607955595E+8
191 	2.946942369895114E+7	3.397516607866349E+8
192 	2.814308114619103E+7	3.397516607776116E+8
193 	2.687643384180882E+7	3.397516607682978E+8
194 	2.566679505704693E+7	3.397516607581458E+8
195 	2.451159898586125E+7	3.397516607463041E+8
196 	2.340839530250262E+7	3.397516607338535E+8
197 	2.235484396404723E+7	3.397516607375820E+8
198 	2.134871024685195E+7	3.397516608562387E+8
199 	2.038786000640585E+7	3.397516610769843E+8
200 	1.947025515052349E+7	3.397506063977078E+8
