T/R 	1         	2         	3         	4         	5         	6         	7         	8         	9         	10        	11        	12        	13        	14        	15        	16        	17        	18        	19        	20        	21        	22        	23        	24        	25
0   	    0.0005770929	    0.0055891852	    0.7876740828	    0.0096468617	    0.1286345031	    0.0162486537	    0.0771270596	    0.4136153759	    1.4156373110	    2.9754904030	    7.9114102460	    0.3119515001	    0.4918598041	    0.5488895383	    1.1936724930	    1.4166179770	    6.0551436790	    6.7464420150	    0.0844104902	    2.4482005260	    7.3859034160	    8.4564992390	    5.2255484320	    0.8606905049	    2.3119373260
1   	    0.0000000000	    0.0000000000	    0.0000000000	    0.0000000000	    0.1286345031	    0.0162486537	    0.0771270596	    0.4136153759	    1.4156373110	    2.9754904030	    7.9114102460	    0.0000000000	    0.4918598041	    0.5488895383	    1.1936724930	    1.4166179770	    6.0551436790	    1.7218218669	    0.0844104902	    2.4482005260	    7.3859034160	    8.4564992390	    5.2255484320	    0.8606905049	    2.3119373260
2   	    0.0000000000	    0.0000000000	    0.0000000000	    0.0000000000	    0.0000000000	    0.0000000000	    0.0000000000	    0.0000000000	    0.0000000000	    2.9754904030	    7.9114102460	    0.0000000000	    0.0000000000	    0.0000000000	    0.9248045162	    1.4166179770	    6.0551436790	    0.0000000000	    0.0000000013	    2.4482005260	    7.3859034160	    8.4564992390	    5.2255484320	    0.8606905049	    2.3119373260
3   	    0.0000000000	    0.0000000000	    0.0000000000	    0.0000000000	    0.0000000000	    0.0000000000	    0.0000000000	    0.0000000000	    0.0000000000	    2.9754904030	    7.9114102460	    0.0000000000	    0.0000000000	    0.0000000000	    0.0000000000	    0.0000000000	    6.0551436790	    0.0000000000	    0.0000000000	    0.2789554138	    7.3859034160	    8.4564992390	    5.2255484320	    0.8606905049	    2.3119373260
4   	    0.0000000000	    0.0000000000	    0.0000000000	    0.0000000000	    0.0000000000	    0.0000000000	    0.0000000000	    0.0000000000	    0.0000000000	    0.0000000000	    7.9114102460	    0.0000000000	    0.0000000000	    0.0000000000	    0.0000000000	    0.0000000000	    6.0551436790	    0.0000000000	    0.0000000000	    0.0000000000	    7.3859034160	    8.4564992390	    5.2255484320	    0.8606905049	    3.0331995582
5   	    0.0000000000	    0.0000000000	    0.0000000000	    0.0000000000	    0.0000000000	    0.0000000000	    0.0000000000	    0.0000000000	    0.0000000000	    0.0000000000	    7.9114102460	    0.0000000000	    0.0000000000	    0.0000000000	    0.0000000000	    0.0000000000	    2.8801794715	    0.0000000000	    0.0000000000	    0.0000000000	    7.3859034160	    8.4564992390	    5.2255484320	    0.8606905049	    3.4583256580
6   	    0.0000000000	    0.0000000000	    0.0000000000	    0.0000000000	    0.0000000000	    0.0000000000	    0.0000000000	    0.0000000000	    0.0000000000	    0.0000000000	    7.9114102460	    0.0000000000	    0.0000000000	    0.0000000000	    0.0000000000	    0.0000000000	    0.0000000000	    0.0000000000	    0.0000000000	    0.0000000000	    7.3859034160	    8.4564992390	    4.8336299865	    0.8606905049	    3.4583256580
7   	    0.0000000000	    0.0000000000	    0.0000000000	    0.0000000000	    0.0000000000	    0.0000000000	    0.0000000000	    0.0000000000	    0.0000000000	    0.0000000000	    7.9114102460	    0.0000000000	    0.0000000000	    0.0000000000	    0.0000000000	    0.0000000000	    0.0000000000	    0.0000000000	    0.0000000000	    0.0000000000	    7.3859034160	    8.4564992390	    1.7737123163	    0.8606905049	    3.4583256580
8   	    0.0000000000	    0.0000000000	    0.0000000000	    0.0000000000	    0.0000000000	    0.0000000000	    0.0000000000	    0.0000000000	    0.0000000000	    0.0000000000	    7.9114102460	    0.0000000000	    0.0000000000	    0.0000000000	    0.0000000000	    0.0000000000	    0.0000000000	    0.0000000000	    0.0000000000	    0.0000000000	    6.3161648944	    8.4564992390	    0.0000000000	    0.8606905049	    3.4583256580
9   	    0.0000000000	    0.0000000000	    0.0000000000	    0.0000000000	    0.0000000000	    0.0000000000	    0.0000000000	    0.0000000000	    0.0000000000	    0.0000000000	    7.9114102460	    0.0000000000	    0.0000000000	    0.0000000000	    0.0000000000	    0.0000000000	    0.0000000000	    0.0000000000	    0.0000000000	    0.0000000000	    3.6679659426	    8.4564992390	    0.0000000000	    0.8606905049	    3.4583256580
10  	    0.0000000000	    0.0000000000	    0.0000000000	    0.0000000000	    0.0000000000	    0.0000000000	    0.0000000000	    0.0000000000	    0.0000000000	    0.0000000000	    7.9114102460	    0.0000000000	    0.0000000000	    0.0000000000	    0.0000000000	    0.0000000000	    0.0000000000	    0.0000000000	    0.0000000000	    0.0000000000	    1.2189636283	    8.4564992390	    0.0000000000	    0.8606905049	    3.4583256580
11  	    0.0000000000	    0.0000000000	    0.0000000000	    0.0000000000	    0.0000000000	    0.0000000000	    0.0000000000	    0.0000000000	    0.0000000000	    0.0000000000	    7.9114102460	    0.0000000000	    0.0000000000	    0.0000000000	    0.0000000000	    0.0000000000	    0.0000000000	    0.0000000000	    0.0000000000	    0.0000000000	    0.0000000000	    7.4296816583	    0.0000000000	    0.8606905049	    3.4583256580
12  	    0.0000000000	    0.0000000000	    0.0000000000	    0.0000000000	    0.0000000000	    0.0000000000	    0.0000000000	    0.0000000000	    0.0000000000	    0.0000000000	    7.9114102460	    0.0000000000	    0.0000000000	    0.0000000000	    0.0000000000	    0.0000000000	    0.0000000000	    0.0000000000	    0.0000000000	    0.0000000000	    0.0000000000	    5.3361377696	    0.0000000000	    0.8606905049	    3.4583256580
13  	    0.0000000000	    0.0000000000	    0.0000000000	    0.0000000000	    0.0000000000	    0.0000000000	    0.0000000000	    0.0000000000	    0.0000000000	    0.0000000000	    7.9114102460	    0.0000000000	    0.0000000000	    0.0000000000	    0.0000000000	    0.0000000000	    0.0000000000	    0.0000000000	    0.0000000000	    0.0000000000	    0.0000000000	    3.3979069918	    0.0000000000	    0.8606905049	    3.4583256580
14  	    0.0000000000	    0.0000000000	    0.0000000000	    0.0000000000	    0.0000000000	    0.0000000000	    0.0000000000	    0.0000000000	    0.0000000000	    0.0000000000	    7.9114102460	    0.0000000000	    0.0000000000	    0.0000000000	    0.0000000000	    0.0000000000	    0.0000000000	    0.0000000000	    0.0000000000	    0.0000000000	    0.0000000000	    1.6181272779	    0.0000000000	    0.8606905049	    3.4583256580
15  	    0.0000000000	    0.0000000000	    0.0000000000	    0.0000000000	    0.0000000000	    0.0000000000	    0.0000000000	    0.0000000000	    0.0000000000	    0.0000000000	    7.9114102460	    0.0000000000	    0.0000000000	    0.0000000000	    0.0000000000	    0.0000000000	    0.0000000000	    0.0000000000	    0.0000000000	    0.0000000000	    0.0000000000	    0.0000000000	    0.0000000000	    0.8606905049	    3.4583256580
16  	    0.0000000000	    0.0000000000	    0.0000000000	    0.0000000000	    0.0000000000	    0.0000000000	    0.0000000000	    0.0000000000	    0.0000000000	    0.0000000000	    6.4341970142	    0.0000000000	    0.0000000000	    0.0000000000	    0.0000000000	    0.0000000000	    0.0000000000	    0.0000000000	    0.0000000000	    0.0000000000	    0.0000000000	    0.0000000000	    0.0000000000	    0.8606905049	    3.4583256580
17  	    0.0000000000	    0.0000000000	    0.0000000000	    0.0000000000	    0.0000000000	    0.0000000000	    0.0000000000	    0.0000000000	    0.0000000000	    0.0000000000	    5.0995947890	    0.0000000000	    0.0000000000	    0.0000000000	    0.0000000000	    0.0000000000	    0.0000000000	    0.0000000000	    0.0000000000	    0.0000000000	    0.0000000000	    0.0000000000	    0.0000000000	    0.8606905049	    3.4583256580
18  	    0.0000000000	    0.0000000000	    0.0000000000	    0.0000000000	    0.0000000000	    0.0000000000	    0.0000000000	    0.0000000000	    0.0000000000	    0.0000000000	    3.9104848267	    0.0000000000	    0.0000000000	    0.0000000000	    0.0000000000	    0.0000000000	    0.0000000000	    0.0000000000	    0.0000000000	    0.0000000000	    0.0000000000	    0.0000000000	    0.0000000000	    0.8606905049	    3.4583256580
19  	    0.0000000000	    0.0000000000	    0.0000000000	    0.0000000000	    0.0000000000	    0.0000000000	    0.0000000000	    0.0000000000	    0.0000000000	    0.0000000000	    2.8698066110	    0.0000000000	    0.0000000000	    0.0000000000	    0.0000000000	    0.0000000000	    0.0000000000	    0.0000000000	    0.0000000000	    0.0000000000	    0.0000000000	    0.0000000000	    0.0000000000	    0.8606905049	    3.4583256580
20  	    0.0000000000	    0.0000000000	    0.0000000000	    0.0000000000	    0.0000000000	    0.0000000000	    0.0000000000	    0.0000000000	    0.0000000000	    0.0000000000	    1.9805590309	    0.0000000000	    0.0000000000	    0.0000000000	    0.0000000000	    0.0000000000	    0.0000000000	    0.0000000000	    0.0000000000	    0.0000000000	    0.0000000000	    0.0000000000	    0.0000000000	    0.8606905049	    3.4583256580
21  	    0.0000000000	    0.0000000000	    0.0000000000	    0.0000000000	    0.0000000000	    0.0000000000	    0.0000000000	    0.0000000000	    0.0000000000	    0.0000000000	    1.2458015819	    0.0000000000	    0.0000000000	    0.0000000000	    0.0000000000	    0.0000000000	    0.0000000000	    0.0000000000	    0.0000000000	    0.0000000000	    0.0000000000	    0.0000000000	    0.0000000000	    0.8606905049	    3.4583256580
22  	    0.0000000000	    0.0000000000	    0.0000000000	    0.0000000000	    0.0000000000	    0.0000000000	    0.0000000000	    0.0000000000	    0.0000000000	    0.0000000000	    0.6686555923	    0.0000000000	    0.0000000000	    0.0000000000	    0.0000000000	    0.0000000000	    0.0000000000	    0.0000000000	    0.0000000000	    0.0000000000	    0.0000000000	    0.0000000000	    0.0000000000	    0.8606905049	    3.4583256580
23  	    0.0000000000	    0.0000000000	    0.0000000000	    0.0000000000	    0.0000000000	    0.0000000000	    0.0000000000	    0.0000000000	    0.0000000000	    0.0000000000	    0.2523054743	    0.0000000000	    0.0000000000	    0.0000000000	    0.0000000000	    0.0000000000	    0.0000000000	    0.0000000000	    0.0000000000	    0.0000000000	    0.0000000000	    0.0000000000	    0.0000000000	    0.8606905049	    3.4583256580
24  	    0.0000000000	    0.0000000000	    0.0000000000	    0.0000000000	    0.0000000000	    0.0000000000	    0.0000000000	    0.0000000000	    0.0000000000	    0.0000000000	    0.0000000000	    0.0000000000	    0.0000000000	    0.0000000000	    0.0000000000	    0.0000000000	    0.0000000000	    0.0000000000	    0.0000000000	    0.0000000000	    0.0000000000	    0.0000000000	    0.0000000000	    0.8606905049	    3.4583256580
25  	    0.0000000000	    0.0000000000	    0.0000000000	    0.0000000000	    0.0000000000	    0.0000000000	    0.0000000000	    0.0000000000	    0.0000000000	    0.0000000000	    0.0000000000	    0.0000000000	    0.0000000000	    0.0000000000	    0.0000000000	    0.0000000000	    0.0000000000	    0.0000000000	    0.0000000000	    0.0000000000	    0.0000000000	    0.0000000000	    0.0000000000	    0.6415812879	    3.4583256580
26  	    0.0000000000	    0.0000000000	    0.0000000000	    0.0000000000	    0.0000000000	    0.0000000000	    0.0000000000	    0.0000000000	    0.0000000000	    0.0000000000	    0.0000000000	    0.0000000000	    0.0000000000	    0.0000000000	    0.0000000000	    0.0000000000	    0.0000000000	    0.0000000000	    0.0000000000	    0.0000000000	    0.0000000000	    0.0000000000	    0.0000000000	    0.4534572281	    3.4583256580
27  	    0.0000000000	    0.0000000000	    0.0000000000	    0.0000000000	    0.0000000000	    0.0000000000	    0.0000000000	    0.0000000000	    0.0000000000	    0.0000000000	    0.0000000000	    0.0000000000	    0.0000000000	    0.0000000000	    0.0000000000	    0.0000000000	    0.0000000000	    0.0000000000	    0.0000000000	    0.0000000000	    0.0000000000	    0.0000000000	    0.0000000000	    0.2969450462	    3.4583256580
28  	    0.0000000000	    0.0000000000	    0.0000000000	    0.0000000000	    0.0000000000	    0.0000000000	    0.0000000000	    0.0000000000	    0.0000000000	    0.0000000000	    0.0000000000	    0.0000000000	    0.0000000000	    0.0000000000	    0.0000000000	    0.0000000000	    0.0000000000	    0.0000000000	    0.0000000000	    0.0000000000	    0.0000000000	    0.0000000000	    0.0000000000	    0.1726841766	    3.4583256580
29  	    0.0000000000	    0.0000000000	    0.0000000000	    0.0000000000	    0.0000000000	    0.0000000000	    0.0000000000	    0.0000000000	    0.0000000000	    0.0000000000	    0.0000000000	    0.0000000000	    0.0000000000	    0.0000000000	    0.0000000000	    0.0000000000	    0.0000000000	    0.0000000000	    0.0000000000	    0.0000000000	    0.0000000000	    0.0000000000	    0.0000000000	    0.0813270278	    3.4583256580
30  	    0.0000000000	    0.0000000000	    0.0000000000	    0.0000000000	    0.0000000000	    0.0000000000	    0.0000000000	    0.0000000000	    0.0000000000	    0.0000000000	    0.0000000000	    0.0000000000	    0.0000000000	    0.0000000000	    0.0000000000	    0.0000000000	    0.0000000000	    0.0000000000	    0.0000000000	    0.0000000000	    0.0000000000	    0.0000000000	    0.0000000000	    0.0235392487	    3.4583256580
31  	    0.0000000000	    0.0000000000	    0.0000000000	    0.0000000000	    0.0000000000	    0.0000000000	    0.0000000000	    0.0000000000	    0.0000000000	    0.0000000000	    0.0000000000	    0.0000000000	    0.0000000000	    0.0000000000	    0.0000000000	    0.0000000000	    0.0000000000	    0.0000000000	    0.0000000000	    0.0000000000	    0.0000000000	    0.0000000000	    0.0000000000	    0.0000000037	    3.4583256580
32  	    0.0000000000	    0.0000000000	    0.0000000000	    0.0000000000	    0.0000000000	    0.0000000000	    0.0000000000	    0.0000000000	    0.0000000000	    0.0000000000	    0.0000000000	    0.0000000000	    0.0000000000	    0.0000000000	    0.0000000000	    0.0000000000	    0.0000000000	    0.0000000000	    0.0000000000	    0.0000000000	    0.0000000000	    0.0000000000	    0.0000000000	    0.0000000000	    3.4583256580
33  	    0.0000000000	    0.0000000000	    0.0000000000	    0.0000000000	    0.0000000000	    0.0000000000	    0.0000000000	    0.0000000000	    0.0000000000	    0.0000000000	    0.0000000000	    0.0000000000	    0.0000000000	    0.0000000000	    0.0000000000	    0.0000000000	    0.0000000000	    0.0000000000	    0.0000000000	    0.0000000000	    0.0000000000	    0.0000000000	    0.0000000000	    0.0000000000	    3.4583256580
34  	    0.0000000000	    0.0000000000	    0.0000000000	    0.0000000000	    0.0000000000	    0.0000000000	    0.0000000000	    0.0000000000	    0.0000000000	    0.0000000000	    0.0000000000	    0.0000000000	    0.0000000000	    0.0000000000	    0.0000000000	    0.0000000000	    0.0000000000	    0.0000000000	    0.0000000000	    0.0000000000	    0.0000000000	    0.0000000000	    0.0000000000	    0.0000000000	    3.4583256580
35  	    0.0000000000	    0.0000000000	    0.0000000000	    0.0000000000	    0.0000000000	    0.0000000000	    0.0000000000	    0.0000000000	    0.0000000000	    0.0000000000	    0.0000000000	    0.0000000000	    0.0000000000	    0.0000000000	    0.0000000000	    0.0000000000	    0.0000000000	    0.0000000000	    0.0000000000	    0.0000000000	    0.0000000000	    0.0000000000	    0.0000000000	    0.0000000000	    3.4583256580
36  	    0.0000000000	    0.0000000000	    0.0000000000	    0.0000000000	    0.0000000000	    0.0000000000	    0.0000000000	    0.0000000000	    0.0000000000	    0.0000000000	    0.0000000000	    0.0000000000	    0.0000000000	    0.0000000000	    0.0000000000	    0.0000000000	    0.0000000000	    0.0000000000	    0.0000000000	    0.0000000000	    0.0000000000	    0.0000000000	    0.0000000000	    0.0000000000	    3.4583256580
37  	    0.0000000000	    0.0000000000	    0.0000000000	    0.0000000000	    0.0000000000	    0.0000000000	    0.0000000000	    0.0000000000	    0.0000000000	    0.0000000000	    0.0000000000	    0.0000000000	    0.0000000000	    0.0000000000	    0.0000000000	    0.0000000000	    0.0000000000	    0.0000000000	    0.0000000000	    0.0000000000	    0.0000000000	    0.0000000000	    0.0000000000	    0.0000000000	    3.4583256580
38  	    0.0000000000	    0.0000000000	    0.0000000000	    0.0000000000	    0.0000000000	    0.0000000000	    0.0000000000	    0.0000000000	    0.0000000000	    0.0000000000	    0.0000000000	    0.0000000000	    0.0000000000	    0.0000000000	    0.0000000000	    0.0000000000	    0.0000000000	    0.0000000000	    0.0000000000	    0.0000000000	    0.0000000000	    0.0000000000	    0.0000000000	    0.0000000000	    3.4583256580
39  	    0.0000000000	    0.0000000000	    0.0000000000	    0.0000000000	    0.0000000000	    0.0000000000	    0.0000000000	    0.0000000000	    0.0000000000	    0.0000000000	    0.0000000000	    0.0000000000	    0.0000000000	    0.0000000000	    0.0000000000	    0.0000000000	    0.0000000000	    0.0000000000	    0.0000000000	    0.0000000000	    0.0000000000	    0.0000000000	    0.0000000000	    0.0000000000	    3.4583256580
40  	    0.0000000000	    0.0000000000	    0.0000000000	    0.0000000000	    0.0000000000	    0.0000000000	    0.0000000000	    0.0000000000	    0.0000000000	    0.0000000000	    0.0000000000	    0.0000000000	    0.0000000000	    0.0000000000	    0.0000000000	    0.0000000000	    0.0000000000	    0.0000000000	    0.0000000000	    0.0000000000	    0.0000000000	    0.0000000000	    0.0000000000	    0.0000000000	    3.4583256580
41  	    0.0000000000	    0.0000000000	    0.0000000000	    0.0000000000	    0.0000000000	    0.0000000000	    0.0000000000	    0.0000000000	    0.0000000000	    0.0000000000	    0.0000000000	    0.0000000000	    0.0000000000	    0.0000000000	    0.0000000000	    0.0000000000	    0.0000000000	    0.0000000000	    0.0000000000	    0.0000000000	    0.0000000000	    0.0000000000	    0.0000000000	    0.0000000000	    3.4583256580
42  	    0.0000000000	    0.0000000000	    0.0000000000	    0.0000000000	    0.0000000000	    0.0000000000	    0.0000000000	    0.0000000000	    0.0000000000	    0.0000000000	    0.0000000000	    0.0000000000	    0.0000000000	    0.0000000000	    0.0000000000	    0.0000000000	    0.0000000000	    0.0000000000	    0.0000000000	    0.0000000000	    0.0000000000	    0.0000000000	    0.0000000000	    0.0000000000	    3.4583256580
43  	    0.0000000000	    0.0000000000	    0.0000000000	    0.0000000000	    0.0000000000	    0.0000000000	    0.0000000000	    0.0000000000	    0.0000000000	    0.0000000000	    0.0000000000	    0.0000000000	    0.0000000000	    0.0000000000	    0.0000000000	    0.0000000000	    0.0000000000	    0.0000000000	    0.0000000000	    0.0000000000	    0.0000000000	    0.0000000000	    0.0000000000	    0.0000000000	    3.4583256580
44  	    0.0000000000	    0.0000000000	    0.0000000000	    0.0000000000	    0.0000000000	    0.0000000000	    0.0000000000	    0.0000000000	    0.0000000000	    0.0000000000	    0.0000000000	    0.0000000000	    0.0000000000	    0.0000000000	    0.0000000000	    0.0000000000	    0.0000000000	    0.0000000000	    0.0000000000	    0.0000000000	    0.0000000000	    0.0000000000	    0.0000000000	    0.0000000000	    3.4583256580
45  	    0.0000000000	    0.0000000000	    0.0000000000	    0.0000000000	    0.0000000000	    0.0000000000	    0.0000000000	    0.0000000000	    0.0000000000	    0.0000000000	    0.0000000000	    0.0000000000	    0.0000000000	    0.0000000000	    0.0000000000	    0.0000000000	    0.0000000000	    0.0000000000	    0.0000000000	    0.0000000000	    0.0000000000	    0.0000000000	    0.0000000000	    0.0000000000	    3.4583256580
46  	    0.0000000000	    0.0000000000	    0.0000000000	    0.0000000000	    0.0000000000	    0.0000000000	    0.0000000000	    0.0000000000	    0.0000000000	    0.0000000000	    0.0000000000	    0.0000000000	    0.0000000000	    0.0000000000	    0.0000000000	    0.0000000000	    0.0000000000	    0.0000000000	    0.0000000000	    0.0000000000	    0.0000000000	    0.0000000000	    0.0000000000	    0.0000000000	    3.4583256580
47  	    0.0000000000	    0.0000000000	    0.0000000000	    0.0000000000	    0.0000000000	    0.0000000000	    0.0000000000	    0.0000000000	    0.0000000000	    0.0000000000	    0.0000000000	    0.0000000000	    0.0000000000	    0.0000000000	    0.0000000000	    0.0000000000	    0.0000000000	    0.0000000000	    0.0000000000	    0.0000000000	    0.0000000000	    0.0000000000	    0.0000000000	    0.0000000000	    3.4583256580
48  	    0.0000000000	    0.0000000000	    0.0000000000	    0.0000000000	    0.0000000000	    0.0000000000	    0.0000000000	    0.0000000000	    0.0000000000	    0.0000000000	    0.0000000000	    0.0000000000	    0.0000000000	    0.0000000000	    0.0000000000	    0.0000000000	    0.0000000000	    0.0000000000	    0.0000000000	    0.0000000000	    0.0000000000	    0.0000000000	    0.0000000000	    0.0000000000	    3.4583256580
49  	    0.0000000000	    0.0000000000	    0.0000000000	    0.0000000000	    0.0000000000	    0.0000000000	    0.0000000000	    0.0000000000	    0.0000000000	    0.0000000000	    0.0000000000	    0.0000000000	    0.0000000000	    0.0000000000	    0.0000000000	    0.0000000000	    0.0000000000	    0.0000000000	    0.0000000000	    0.0000000000	    0.0000000000	    0.0000000000	    0.0000000000	    0.0000000000	    3.4583256580
50  	    0.0000000000	    0.0000000000	    0.0000000000	    0.0000000000	    0.0000000000	    0.0000000000	    0.0000000000	    0.0000000000	    0.0000000000	    0.0000000000	    0.0000000000	    0.0000000000	    0.0000000000	    0.0000000000	    0.0000000000	    0.0000000000	    0.0000000000	    0.0000000000	    0.0000000000	    0.0000000000	    0.0000000000	    0.0000000000	    0.0000000000	    0.0000000000	    3.4583256580
51  	    0.0000000000	    0.0000000000	    0.0000000000	    0.0000000000	    0.0000000000	    0.0000000000	    0.0000000000	    0.0000000000	    0.0000000000	    0.0000000000	    0.0000000000	    0.0000000000	    0.0000000000	    0.0000000000	    0.0000000000	    0.0000000000	    0.0000000000	    0.0000000000	    0.0000000000	    0.0000000000	    0.0000000000	    0.0000000000	    0.0000000000	    0.0000000000	    3.4583256580
52  	    0.0000000000	    0.0000000000	    0.0000000000	    0.0000000000	    0.0000000000	    0.0000000000	    0.0000000000	    0.0000000000	    0.0000000000	    0.0000000000	    0.0000000000	    0.0000000000	    0.0000000000	    0.0000000000	    0.0000000000	    0.0000000000	    0.0000000000	    0.0000000000	    0.0000000000	    0.0000000000	    0.0000000000	    0.0000000000	    0.0000000000	    0.0000000000	    3.4583256580
53  	    0.0000000000	    0.0000000000	    0.0000000000	    0.0000000000	    0.0000000000	    0.0000000000	    0.0000000000	    0.0000000000	    0.0000000000	    0.0000000000	    0.0000000000	    0.0000000000	    0.0000000000	    0.0000000000	    0.0000000000	    0.0000000000	    0.0000000000	    0.0000000000	    0.0000000000	    0.0000000000	    0.0000000000	    0.0000000000	    0.0000000000	    0.0000000000	    3.4583256580
54  	    0.0000000000	    0.0000000000	    0.0000000000	    0.0000000000	    0.0000000000	    0.0000000000	    0.0000000000	    0.0000000000	    0.0000000000	    0.0000000000	    0.0000000000	    0.0000000000	    0.0000000000	    0.0000000000	    0.0000000000	    0.0000000000	    0.0000000000	    0.0000000000	    0.0000000000	    0.0000000000	    0.0000000000	    0.0000000000	    0.0000000000	    0.0000000000	    3.4583256580
55  	    0.0000000000	    0.0000000000	    0.0000000000	    0.0000000000	    0.0000000000	    0.0000000000	    0.0000000000	    0.0000000000	    0.0000000000	    0.0000000000	    0.0000000000	    0.0000000000	    0.0000000000	    0.0000000000	    0.0000000000	    0.0000000000	    0.0000000000	    0.0000000000	    0.0000000000	    0.0000000000	    0.0000000000	    0.0000000000	    0.0000000000	    0.0000000000	    3.4583256580
56  	    0.0000000000	    0.0000000000	    0.0000000000	    0.0000000000	    0.0000000000	    0.0000000000	    0.0000000000	    0.0000000000	    0.0000000000	    0.0000000000	    0.0000000000	    0.0000000000	    0.0000000000	    0.0000000000	    0.0000000000	    0.0000000000	    0.0000000000	    0.0000000000	    0.0000000000	    0.0000000000	    0.0000000000	    0.0000000000	    0.0000000000	    0.0000000000	    3.4583256580
57  	    0.0000000000	    0.0000000000	    0.0000000000	    0.0000000000	    0.0000000000	    0.0000000000	    0.0000000000	    0.0000000000	    0.0000000000	    0.0000000000	    0.0000000000	    0.0000000000	    0.0000000000	    0.0000000000	    0.0000000000	    0.0000000000	    0.0000000000	    0.0000000000	    0.0000000000	    0.0000000000	    0.0000000000	    0.0000000000	    0.0000000000	    0.0000000000	    3.4583256580
58  	    0.0000000000	    0.0000000000	    0.0000000000	    0.0000000000	    0.0000000000	    0.0000000000	    0.0000000000	    0.0000000000	    0.0000000000	    0.0000000000	    0.0000000000	    0.0000000000	    0.0000000000	    0.0000000000	    0.0000000000	    0.0000000000	    0.0000000000	    0.0000000000	    0.0000000000	    0.0000000000	    0.0000000000	    0.0000000000	    0.0000000000	    0.0000000000	    3.4583256580
59  	    0.0000000000	    0.0000000000	    0.0000000000	    0.0000000000	    0.0000000000	    0.0000000000	    0.0000000000	    0.0000000000	    0.0000000000	    0.0000000000	    0.0000000000	    0.0000000000	    0.0000000000	    0.0000000000	    0.0000000000	    0.0000000000	    0.0000000000	    0.0000000000	    0.0000000000	    0.0000000000	    0.0000000000	    0.0000000000	    0.0000000000	    0.0000000000	    3.4583256580
60  	    0.0000000000	    0.0000000000	    0.0000000000	    0.0000000000	    0.0000000000	    0.0000000000	    0.0000000000	    0.0000000000	    0.0000000000	    0.0000000000	    0.0000000000	    0.0000000000	    0.0000000000	    0.0000000000	    0.0000000000	    0.0000000000	    0.0000000000	    0.0000000000	    0.0000000000	    0.0000000000	    0.0000000000	    0.0000000000	    0.0000000000	    0.0000000000	    3.4583256580
61  	    0.0000000000	    0.0000000000	    0.0000000000	    0.0000000000	    0.0000000000	    0.0000000000	    0.0000000000	    0.0000000000	    0.0000000000	    0.0000000000	    0.0000000000	    0.0000000000	    0.0000000000	    0.0000000000	    0.0000000000	    0.0000000000	    0.0000000000	    0.0000000000	    0.0000000000	    0.0000000000	    0.0000000000	    0.0000000000	    0.0000000000	    0.0000000000	    3.4583256580
62  	    0.0000000000	    0.0000000000	    0.0000000000	    0.0000000000	    0.0000000000	    0.0000000000	    0.0000000000	    0.0000000000	    0.0000000000	    0.0000000000	    0.0000000000	    0.0000000000	    0.0000000000	    0.0000000000	    0.0000000000	    0.0000000000	    0.0000000000	    0.0000000000	    0.0000000000	    0.0000000000	    0.0000000000	    0.0000000000	    0.0000000000	    0.0000000000	    3.4583256580
63  	    0.0000000000	    0.0000000000	    0.0000000000	    0.0000000000	    0.0000000000	    0.0000000000	    0.0000000000	    0.0000000000	    0.0000000000	    0.0000000000	    0.0000000000	    0.0000000000	    0.0000000000	    0.0000000000	    0.0000000000	    0.0000000000	    0.0000000000	    0.0000000000	    0.0000000000	    0.0000000000	    0.0000000000	    0.0000000000	    0.0000000000	    0.0000000000	    3.4583256580
64  	    0.0000000000	    0.0000000000	    0.0000000000	    0.0000000000	    0.0000000000	    0.0000000000	    0.0000000000	    0.0000000000	    0.0000000000	    0.0000000000	    0.0000000000	    0.0000000000	    0.0000000000	    0.0000000000	    0.0000000000	    0.0000000000	    0.0000000000	    0.0000000000	    0.0000000000	    0.0000000000	    0.0000000000	    0.0000000000	    0.0000000000	    0.0000000000	    3.4583256580
65  	    0.0000000000	    0.0000000000	    0.0000000000	    0.0000000000	    0.0000000000	    0.0000000000	    0.0000000000	    0.0000000000	    0.0000000000	    0.0000000000	    0.0000000000	    0.0000000000	    0.0000000000	    0.0000000000	    0.0000000000	    0.0000000000	    0.0000000000	    0.0000000000	    0.0000000000	    0.0000000000	    0.0000000000	    0.0000000000	    0.0000000000	    0.0000000000	    3.4583256580
66  	    0.0000000000	    0.0000000000	    0.0000000000	    0.0000000000	    0.0000000000	    0.0000000000	    0.0000000000	    0.0000000000	    0.0000000000	    0.0000000000	    0.0000000000	    0.0000000000	    0.0000000000	    0.0000000000	    0.0000000000	    0.0000000000	    0.0000000000	    0.0000000000	    0.0000000000	    0.0000000000	    0.0000000000	    0.0000000000	    0.0000000000	    0.0000000000	    3.4583256580
67  	    0.0000000000	    0.0000000000	    0.0000000000	    0.0000000000	    0.0000000000	    0.0000000000	    0.0000000000	    0.0000000000	    0.0000000000	    0.0000000000	    0.0000000000	    0.0000000000	    0.0000000000	    0.0000000000	    0.0000000000	    0.0000000000	    0.0000000000	    0.0000000000	    0.0000000000	    0.0000000000	    0.0000000000	    0.0000000000	    0.0000000000	    0.0000000000	    3.4583256580
68  	    0.0000000000	    0.0000000000	    0.0000000000	    0.0000000000	    0.0000000000	    0.0000000000	    0.0000000000	    0.0000000000	    0.0000000000	    0.0000000000	    0.0000000000	    0.0000000000	    0.0000000000	    0.0000000000	    0.0000000000	    0.0000000000	    0.0000000000	    0.0000000000	    0.0000000000	    0.0000000000	    0.0000000000	    0.0000000000	    0.0000000000	    0.0000000000	    3.4583256580
69  	    0.0000000000	    0.0000000000	    0.0000000000	    0.0000000000	    0.0000000000	    0.0000000000	    0.0000000000	    0.0000000000	    0.0000000000	    0.0000000000	    0.0000000000	    0.0000000000	    0.0000000000	    0.0000000000	    0.0000000000	    0.0000000000	    0.0000000000	    0.0000000000	    0.0000000000	    0.0000000000	    0.0000000000	    0.0000000000	    0.0000000000	    0.0000000000	    3.4583256580
70  	    0.0000000000	    0.0000000000	    0.0000000000	    0.0000000000	    0.0000000000	    0.0000000000	    0.0000000000	    0.0000000000	    0.0000000000	    0.0000000000	    0.0000000000	    0.0000000000	    0.0000000000	    0.0000000000	    0.0000000000	    0.0000000000	    0.0000000000	    0.0000000000	    0.0000000000	    0.0000000000	    0.0000000000	    0.0000000000	    0.0000000000	    0.0000000000	    3.4583256580
71  	    0.0000000000	    0.0000000000	    0.0000000000	    0.0000000000	    0.0000000000	    0.0000000000	    0.0000000000	    0.0000000000	    0.0000000000	    0.0000000000	    0.0000000000	    0.0000000000	    0.0000000000	    0.0000000000	    0.0000000000	    0.0000000000	    0.0000000000	    0.0000000000	    0.0000000000	    0.0000000000	    0.0000000000	    0.0000000000	    0.0000000000	    0.0000000000	    3.4583256580
72  	    0.0000000000	    0.0000000000	    0.0000000000	    0.0000000000	    0.0000000000	    0.0000000000	    0.0000000000	    0.0000000000	    0.0000000000	    0.0000000000	    0.0000000000	    0.0000000000	    0.0000000000	    0.0000000000	    0.0000000000	    0.0000000000	    0.0000000000	    0.0000000000	    0.0000000000	    0.0000000000	    0.0000000000	    0.0000000000	    0.0000000000	    0.0000000000	    3.4583256580
73  	    0.0000000000	    0.0000000000	    0.0000000000	    0.0000000000	    0.0000000000	    0.0000000000	    0.0000000000	    0.0000000000	    0.0000000000	    0.0000000000	    0.0000000000	    0.0000000000	    0.0000000000	    0.0000000000	    0.0000000000	    0.0000000000	    0.0000000000	    0.0000000000	    0.0000000000	    0.0000000000	    0.0000000000	    0.0000000000	    0.0000000000	    0.0000000000	    3.4583256580
74  	    0.0000000000	    0.0000000000	    0.0000000000	    0.0000000000	    0.0000000000	    0.0000000000	    0.0000000000	    0.0000000000	    0.0000000000	    0.0000000000	    0.0000000000	    0.0000000000	    0.0000000000	    0.0000000000	    0.0000000000	    0.0000000000	    0.0000000000	    0.0000000000	    0.0000000000	    0.0000000000	    0.0000000000	    0.0000000000	    0.0000000000	    0.0000000000	    3.4583256580
75  	    0.0000000000	    0.0000000000	    0.0000000000	    0.0000000000	    0.0000000000	    0.0000000000	    0.0000000000	    0.0000000000	    0.0000000000	    0.0000000000	    0.0000000000	    0.0000000000	    0.0000000000	    0.0000000000	    0.0000000000	    0.0000000000	    0.0000000000	    0.0000000000	    0.0000000000	    0.0000000000	    0.0000000000	    0.0000000000	    0.0000000000	    0.0000000000	    3.4583256580
76  	    0.0000000000	    0.0000000000	    0.0000000000	    0.0000000000	    0.0000000000	    0.0000000000	    0.0000000000	    0.0000000000	    0.0000000000	    0.0000000000	    0.0000000000	    0.0000000000	    0.0000000000	    0.0000000000	    0.0000000000	    0.0000000000	    0.0000000000	    0.0000000000	    0.0000000000	    0.0000000000	    0.0000000000	    0.0000000000	    0.0000000000	    0.0000000000	    3.4583256580
77  	    0.0000000000	    0.0000000000	    0.0000000000	    0.0000000000	    0.0000000000	    0.0000000000	    0.0000000000	    0.0000000000	    0.0000000000	    0.0000000000	    0.0000000000	    0.0000000000	    0.0000000000	    0.0000000000	    0.0000000000	    0.0000000000	    0.0000000000	    0.0000000000	    0.0000000000	    0.0000000000	    0.0000000000	    0.0000000000	    0.0000000000	    0.0000000000	    3.4583256580
78  	    0.0000000000	    0.0000000000	    0.0000000000	    0.0000000000	    0.0000000000	    0.0000000000	    0.0000000000	    0.0000000000	    0.0000000000	    0.0000000000	    0.0000000000	    0.0000000000	    0.0000000000	    0.0000000000	    0.0000000000	    0.0000000000	    0.0000000000	    0.0000000000	    0.0000000000	    0.0000000000	    0.0000000000	    0.0000000000	    0.0000000000	    0.0000000000	    3.4583256580
79  	    0.0000000000	    0.0000000000	    0.0000000000	    0.0000000000	    0.0000000000	    0.0000000000	    0.0000000000	    0.0000000000	    0.0000000000	    0.0000000000	    0.0000000000	    0.0000000000	    0.0000000000	    0.0000000000	    0.0000000000	    0.0000000000	    0.0000000000	    0.0000000000	    0.0000000000	    0.0000000000	    0.0000000000	    0.0000000000	    0.0000000000	    0.0000000000	    3.4583256580
80  	    0.0000000000	    0.0000000000	    0.0000000000	    0.0000000000	    0.0000000000	    0.0000000000	    0.0000000000	    0.0000000000	    0.0000000000	    0.0000000000	    0.0000000000	    0.0000000000	    0.0000000000	    0.0000000000	    0.0000000000	    0.0000000000	    0.0000000000	    0.0000000000	    0.0000000000	    0.0000000000	    0.0000000000	    0.0000000000	    0.0000000000	    0.0000000000	    3.4583256580
81  	    0.0000000000	    0.0000000000	    0.0000000000	    0.0000000000	    0.0000000000	    0.0000000000	    0.0000000000	    0.0000000000	    0.0000000000	    0.0000000000	    0.0000000000	    0.0000000000	    0.0000000000	    0.0000000000	    0.0000000000	    0.0000000000	    0.0000000000	    0.0000000000	    0.0000000000	    0.0000000000	    0.0000000000	    0.0000000000	    0.0000000000	    0.0000000000	    3.4583256580
82  	    0.0000000000	    0.0000000000	    0.0000000000	    0.0000000000	    0.0000000000	    0.0000000000	    0.0000000000	    0.0000000000	    0.0000000000	    0.0000000000	    0.0000000000	    0.0000000000	    0.0000000000	    0.0000000000	    0.0000000000	    0.0000000000	    0.0000000000	    0.0000000000	    0.0000000000	    0.0000000000	    0.0000000000	    0.0000000000	    0.0000000000	    0.0000000000	    3.4583256580
83  	    0.0000000000	    0.0000000000	    0.0000000000	    0.0000000000	    0.0000000000	    0.0000000000	    0.0000000000	    0.0000000000	    0.0000000000	    0.0000000000	    0.0000000000	    0.0000000000	    0.0000000000	    0.0000000000	    0.0000000000	    0.0000000000	    0.0000000000	    0.0000000000	    0.0000000000	    0.0000000000	    0.0000000000	    0.0000000000	    0.0000000000	    0.0000000000	    3.4583256580
84  	    0.0000000000	    0.0000000000	    0.0000000000	    0.0000000000	    0.0000000000	    0.0000000000	    0.0000000000	    0.0000000000	    0.0000000000	    0.0000000000	    0.0000000000	    0.0000000000	    0.0000000000	    0.0000000000	    0.0000000000	    0.0000000000	    0.0000000000	    0.0000000000	    0.0000000000	    0.0000000000	    0.0000000000	    0.0000000000	    0.0000000000	    0.0000000000	    3.4583256580
85  	    0.0000000000	    0.0000000000	    0.0000000000	    0.0000000000	    0.0000000000	    0.0000000000	    0.0000000000	    0.0000000000	    0.0000000000	    0.0000000000	    0.0000000000	    0.0000000000	    0.0000000000	    0.0000000000	    0.0000000000	    0.0000000000	    0.0000000000	    0.0000000000	    0.0000000000	    0.0000000000	    0.0000000000	    0.0000000000	    0.0000000000	    0.0000000000	    3.4583256580
86  	    0.0000000000	    0.0000000000	    0.0000000000	    0.0000000000	    0.0000000000	    0.0000000000	    0.0000000000	    0.0000000000	    0.0000000000	    0.0000000000	    0.0000000000	    0.0000000000	    0.0000000000	    0.0000000000	    0.0000000000	    0.0000000000	    0.0000000000	    0.0000000000	    0.0000000000	    0.0000000000	    0.0000000000	    0.0000000000	    0.0000000000	    0.0000000000	    3.4583256580
87  	    0.0000000000	    0.0000000000	    0.0000000000	    0.0000000000	    0.0000000000	    0.0000000000	    0.0000000000	    0.0000000000	    0.0000000000	    0.0000000000	    0.0000000000	    0.0000000000	    0.0000000000	    0.0000000000	    0.0000000000	    0.0000000000	    0.0000000000	    0.0000000000	    0.0000000000	    0.0000000000	    0.0000000000	    0.0000000000	    0.0000000000	    0.0000000000	    3.4583256580
88  	    0.0000000000	    0.0000000000	    0.0000000000	    0.0000000000	    0.0000000000	    0.0000000000	    0.0000000000	    0.0000000000	    0.0000000000	    0.0000000000	    0.0000000000	    0.0000000000	    0.0000000000	    0.0000000000	    0.0000000000	    0.0000000000	    0.0000000000	    0.0000000000	    0.0000000000	    0.0000000000	    0.0000000000	    0.0000000000	    0.0000000000	    0.0000000000	    3.4583256580
89  	    0.0000000000	    0.0000000000	    0.0000000000	    0.0000000000	    0.0000000000	    0.0000000000	    0.0000000000	    0.0000000000	    0.0000000000	    0.0000000000	    0.0000000000	    0.0000000000	    0.0000000000	    0.0000000000	    0.0000000000	    0.0000000000	    0.0000000000	    0.0000000000	    0.0000000000	    0.0000000000	    0.0000000000	    0.0000000000	    0.0000000000	    0.0000000000	    3.4583256580
90  	    0.0000000000	    0.0000000000	    0.0000000000	    0.0000000000	    0.0000000000	    0.0000000000	    0.0000000000	    0.0000000000	    0.0000000000	    0.0000000000	    0.0000000000	    0.0000000000	    0.0000000000	    0.0000000000	    0.0000000000	    0.0000000000	    0.0000000000	    0.0000000000	    0.0000000000	    0.0000000000	    0.0000000000	    0.0000000000	    0.0000000000	    0.0000000000	    3.4583256580
91  	    0.0000000000	    0.0000000000	    0.0000000000	    0.0000000000	    0.0000000000	    0.0000000000	    0.0000000000	    0.0000000000	    0.0000000000	    0.0000000000	    0.0000000000	    0.0000000000	    0.0000000000	    0.0000000000	    0.0000000000	    0.0000000000	    0.0000000000	    0.0000000000	    0.0000000000	    0.0000000000	    0.0000000000	    0.0000000000	    0.0000000000	    0.0000000000	    3.4583256580
92  	    0.0000000000	    0.0000000000	    0.0000000000	    0.0000000000	    0.0000000000	    0.0000000000	    0.0000000000	    0.0000000000	    0.0000000000	    0.0000000000	    0.0000000000	    0.0000000000	    0.0000000000	    0.0000000000	    0.0000000000	    0.0000000000	    0.0000000000	    0.0000000000	    0.0000000000	    0.0000000000	    0.0000000000	    0.0000000000	    0.0000000000	    0.0000000000	    3.4583256580
93  	    0.0000000000	    0.0000000000	    0.0000000000	    0.0000000000	    0.0000000000	    0.0000000000	    0.0000000000	    0.0000000000	    0.0000000000	    0.0000000000	    0.0000000000	    0.0000000000	    0.0000000000	    0.0000000000	    0.0000000000	    0.0000000000	    0.0000000000	    0.0000000000	    0.0000000000	    0.0000000000	    0.0000000000	    0.0000000000	    0.0000000000	    0.0000000000	    3.4583256580
94  	    0.0000000000	    0.0000000000	    0.0000000000	    0.0000000000	    0.0000000000	    0.0000000000	    0.0000000000	    0.0000000000	    0.0000000000	    0.0000000000	    0.0000000000	    0.0000000000	    0.0000000000	    0.0000000000	    0.0000000000	    0.0000000000	    0.0000000000	    0.0000000000	    0.0000000000	    0.0000000000	    0.0000000000	    0.0000000000	    0.0000000000	    0.0000000000	    3.4583256580
95  	    0.0000000000	    0.0000000000	    0.0000000000	    0.0000000000	    0.0000000000	    0.0000000000	    0.0000000000	    0.0000000000	    0.0000000000	    0.0000000000	    0.0000000000	    0.0000000000	    0.0000000000	    0.0000000000	    0.0000000000	    0.0000000000	    0.0000000000	    0.0000000000	    0.0000000000	    0.0000000000	    0.0000000000	    0.0000000000	    0.0000000000	    0.0000000000	    3.4583256580
96  	    0.0000000000	    0.0000000000	    0.0000000000	    0.0000000000	    0.0000000000	    0.0000000000	    0.0000000000	    0.0000000000	    0.0000000000	    0.0000000000	    0.0000000000	    0.0000000000	    0.0000000000	    0.0000000000	    0.0000000000	    0.0000000000	    0.0000000000	    0.0000000000	    0.0000000000	    0.0000000000	    0.0000000000	    0.0000000000	    0.0000000000	    0.0000000000	    3.4583256580
97  	    0.0000000000	    0.0000000000	    0.0000000000	    0.0000000000	    0.0000000000	    0.0000000000	    0.0000000000	    0.0000000000	    0.0000000000	    0.0000000000	    0.0000000000	    0.0000000000	    0.0000000000	    0.0000000000	    0.0000000000	    0.0000000000	    0.0000000000	    0.0000000000	    0.0000000000	    0.0000000000	    0.0000000000	    0.0000000000	    0.0000000000	    0.0000000000	    3.4583256580
98  	    0.0000000000	    0.0000000000	    0.0000000000	    0.0000000000	    0.0000000000	    0.0000000000	    0.0000000000	    0.0000000000	    0.0000000000	    0.0000000000	    0.0000000000	    0.0000000000	    0.0000000000	    0.0000000000	    0.0000000000	    0.0000000000	    0.0000000000	    0.0000000000	    0.0000000000	    0.0000000000	    0.0000000000	    0.0000000000	    0.0000000000	    0.0000000000	    3.4583256580
99  	    0.0000000000	    0.0000000000	    0.0000000000	    0.0000000000	    0.0000000000	    0.0000000000	    0.0000000000	    0.0000000000	    0.0000000000	    0.0000000000	    0.0000000000	    0.0000000000	    0.0000000000	    0.0000000000	    0.0000000000	    0.0000000000	    0.0000000000	    0.0000000000	    0.0000000000	    0.0000000000	    0.0000000000	    0.0000000000	    0.0000000000	    0.0000000000	    3.4583256580
100 	    0.0000000000	    0.0000000000	    0.0000000000	    0.0000000000	    0.0000000000	    0.0000000000	    0.0000000000	    0.0000000000	    0.0000000000	    0.0000000000	    0.0000000000	    0.0000000000	    0.0000000000	    0.0000000000	    0.0000000000	    0.0000000000	    0.0000000000	    0.0000000000	    0.0000000000	    0.0000000000	    0.0000000000	    0.0000000000	    0.0000000000	    0.0000000000	    3.4583256580
101 	    0.0000000000	    0.0000000000	    0.0000000000	    0.0000000000	    0.0000000000	    0.0000000000	    0.0000000000	    0.0000000000	    0.0000000000	    0.0000000000	    0.0000000000	    0.0000000000	    0.0000000000	    0.0000000000	    0.0000000000	    0.0000000000	    0.0000000000	    0.0000000000	    0.0000000000	    0.0000000000	    0.0000000000	    0.0000000000	    0.0000000000	    0.0000000000	    3.4583256580
102 	    0.0000000000	    0.0000000000	    0.0000000000	    0.0000000000	    0.0000000000	    0.0000000000	    0.0000000000	    0.0000000000	    0.0000000000	    0.0000000000	    0.0000000000	    0.0000000000	    0.0000000000	    0.0000000000	    0.0000000000	    0.0000000000	    0.0000000000	    0.0000000000	    0.0000000000	    0.0000000000	    0.0000000000	    0.0000000000	    0.0000000000	    0.0000000000	    3.4583256580
103 	    0.0000000000	    0.0000000000	    0.0000000000	    0.0000000000	    0.0000000000	    0.0000000000	    0.0000000000	    0.0000000000	    0.0000000000	    0.0000000000	    0.0000000000	    0.0000000000	    0.0000000000	    0.0000000000	    0.0000000000	    0.0000000000	    0.0000000000	    0.0000000000	    0.0000000000	    0.0000000000	    0.0000000000	    0.0000000000	    0.0000000000	    0.0000000000	    3.4583256580
104 	    0.0000000000	    0.0000000000	    0.0000000000	    0.0000000000	    0.0000000000	    0.0000000000	    0.0000000000	    0.0000000000	    0.0000000000	    0.0000000000	    0.0000000000	    0.0000000000	    0.0000000000	    0.0000000000	    0.0000000000	    0.0000000000	    0.0000000000	    0.0000000000	    0.0000000000	    0.0000000000	    0.0000000000	    0.0000000000	    0.0000000000	    0.0000000000	    3.4583256580
105 	    0.0000000000	    0.0000000000	    0.0000000000	    0.0000000000	    0.0000000000	    0.0000000000	    0.0000000000	    0.0000000000	    0.0000000000	    0.0000000000	    0.0000000000	    0.0000000000	    0.0000000000	    0.0000000000	    0.0000000000	    0.0000000000	    0.0000000000	    0.0000000000	    0.0000000000	    0.0000000000	    0.0000000000	    0.0000000000	    0.0000000000	    0.0000000000	    3.4583256580
106 	    0.0000000000	    0.0000000000	    0.0000000000	    0.0000000000	    0.0000000000	    0.0000000000	    0.0000000000	    0.0000000000	    0.0000000000	    0.0000000000	    0.0000000000	    0.0000000000	    0.0000000000	    0.0000000000	    0.0000000000	    0.0000000000	    0.0000000000	    0.0000000000	    0.0000000000	    0.0000000000	    0.0000000000	    0.0000000000	    0.0000000000	    0.0000000000	    3.4583256580
107 	    0.0000000000	    0.0000000000	    0.0000000000	    0.0000000000	    0.0000000000	    0.0000000000	    0.0000000000	    0.0000000000	    0.0000000000	    0.0000000000	    0.0000000000	    0.0000000000	    0.0000000000	    0.0000000000	    0.0000000000	    0.0000000000	    0.0000000000	    0.0000000000	    0.0000000000	    0.0000000000	    0.0000000000	    0.0000000000	    0.0000000000	    0.0000000000	    3.4583256580
108 	    0.0000000000	    0.0000000000	    0.0000000000	    0.0000000000	    0.0000000000	    0.0000000000	    0.0000000000	    0.0000000000	    0.0000000000	    0.0000000000	    0.0000000000	    0.0000000000	    0.0000000000	    0.0000000000	    0.0000000000	    0.0000000000	    0.0000000000	    0.0000000000	    0.0000000000	    0.0000000000	    0.0000000000	    0.0000000000	    0.0000000000	    0.0000000000	    3.4583256580
109 	    0.0000000000	    0.0000000000	    0.0000000000	    0.0000000000	    0.0000000000	    0.0000000000	    0.0000000000	    0.0000000000	    0.0000000000	    0.0000000000	    0.0000000000	    0.0000000000	    0.0000000000	    0.0000000000	    0.0000000000	    0.0000000000	    0.0000000000	    0.0000000000	    0.0000000000	    0.0000000000	    0.0000000000	    0.0000000000	    0.0000000000	    0.0000000000	    3.4583256580
110 	    0.0000000000	    0.0000000000	    0.0000000000	    0.0000000000	    0.0000000000	    0.0000000000	    0.0000000000	    0.0000000000	    0.0000000000	    0.0000000000	    0.0000000000	    0.0000000000	    0.0000000000	    0.0000000000	    0.0000000000	    0.0000000000	    0.0000000000	    0.0000000000	    0.0000000000	    0.0000000000	    0.0000000000	    0.0000000000	    0.0000000000	    0.0000000000	    3.4583256580
111 	    0.0000000000	    0.0000000000	    0.0000000000	    0.0000000000	    0.0000000000	    0.0000000000	    0.0000000000	    0.0000000000	    0.0000000000	    0.0000000000	    0.0000000000	    0.0000000000	    0.0000000000	    0.0000000000	    0.0000000000	    0.0000000000	    0.0000000000	    0.0000000000	    0.0000000000	    0.0000000000	    0.0000000000	    0.0000000000	    0.0000000000	    0.0000000000	    3.4583256580
112 	    0.0000000000	    0.0000000000	    0.0000000000	    0.0000000000	    0.0000000000	    0.0000000000	    0.0000000000	    0.0000000000	    0.0000000000	    0.0000000000	    0.0000000000	    0.0000000000	    0.0000000000	    0.0000000000	    0.0000000000	    0.0000000000	    0.0000000000	    0.0000000000	    0.0000000000	    0.0000000000	    0.0000000000	    0.0000000000	    0.0000000000	    0.0000000000	    3.4583256580
113 	    0.0000000000	    0.0000000000	    0.0000000000	    0.0000000000	    0.0000000000	    0.0000000000	    0.0000000000	    0.0000000000	    0.0000000000	    0.0000000000	    0.0000000000	    0.0000000000	    0.0000000000	    0.0000000000	    0.0000000000	    0.0000000000	    0.0000000000	    0.0000000000	    0.0000000000	    0.0000000000	    0.0000000000	    0.0000000000	    0.0000000000	    0.0000000000	    3.4583256580
114 	    0.0000000000	    0.0000000000	    0.0000000000	    0.0000000000	    0.0000000000	    0.0000000000	    0.0000000000	    0.0000000000	    0.0000000000	    0.0000000000	    0.0000000000	    0.0000000000	    0.0000000000	    0.0000000000	    0.0000000000	    0.0000000000	    0.0000000000	    0.0000000000	    0.0000000000	    0.0000000000	    0.0000000000	    0.0000000000	    0.0000000000	    0.0000000000	    3.4583256580
115 	    0.0000000000	    0.0000000000	    0.0000000000	    0.0000000000	    0.0000000000	    0.0000000000	    0.0000000000	    0.0000000000	    0.0000000000	    0.0000000000	    0.0000000000	    0.0000000000	    0.0000000000	    0.0000000000	    0.0000000000	    0.0000000000	    0.0000000000	    0.0000000000	    0.0000000000	    0.0000000000	    0.0000000000	    0.0000000000	    0.0000000000	    0.0000000000	    3.4583256580
116 	    0.0000000000	    0.0000000000	    0.0000000000	    0.0000000000	    0.0000000000	    0.0000000000	    0.0000000000	    0.0000000000	    0.0000000000	    0.0000000000	    0.0000000000	    0.0000000000	    0.0000000000	    0.0000000000	    0.0000000000	    0.0000000000	    0.0000000000	    0.0000000000	    0.0000000000	    0.0000000000	    0.0000000000	    0.0000000000	    0.0000000000	    0.0000000000	    3.4583256580
117 	    0.0000000000	    0.0000000000	    0.0000000000	    0.0000000000	    0.0000000000	    0.0000000000	    0.0000000000	    0.0000000000	    0.0000000000	    0.0000000000	    0.0000000000	    0.0000000000	    0.0000000000	    0.0000000000	    0.0000000000	    0.0000000000	    0.0000000000	    0.0000000000	    0.0000000000	    0.0000000000	    0.0000000000	    0.0000000000	    0.0000000000	    0.0000000000	    3.4583256580
118 	    0.0000000000	    0.0000000000	    0.0000000000	    0.0000000000	    0.0000000000	    0.0000000000	    0.0000000000	    0.0000000000	    0.0000000000	    0.0000000000	    0.0000000000	    0.0000000000	    0.0000000000	    0.0000000000	    0.0000000000	    0.0000000000	    0.0000000000	    0.0000000000	    0.0000000000	    0.0000000000	    0.0000000000	    0.0000000000	    0.0000000000	    0.0000000000	    3.4583256580
119 	    0.0000000000	    0.0000000000	    0.0000000000	    0.0000000000	    0.0000000000	    0.0000000000	    0.0000000000	    0.0000000000	    0.0000000000	    0.0000000000	    0.0000000000	    0.0000000000	    0.0000000000	    0.0000000000	    0.0000000000	    0.0000000000	    0.0000000000	    0.0000000000	    0.0000000000	    0.0000000000	    0.0000000000	    0.0000000000	    0.0000000000	    0.0000000000	    3.4583256580
120 	    0.0000000000	    0.0000000000	    0.0000000000	    0.0000000000	    0.0000000000	    0.0000000000	    0.0000000000	    0.0000000000	    0.0000000000	    0.0000000000	    0.0000000000	    0.0000000000	    0.0000000000	    0.0000000000	    0.0000000000	    0.0000000000	    0.0000000000	    0.0000000000	    0.0000000000	    0.0000000000	    0.0000000000	    0.0000000000	    0.0000000000	    0.0000000000	    3.4583256580
121 	    0.0000000000	    0.0000000000	    0.0000000000	    0.0000000000	    0.0000000000	    0.0000000000	    0.0000000000	    0.0000000000	    0.0000000000	    0.0000000000	    0.0000000000	    0.0000000000	    0.0000000000	    0.0000000000	    0.0000000000	    0.0000000000	    0.0000000000	    0.0000000000	    0.0000000000	    0.0000000000	    0.0000000000	    0.0000000000	    0.0000000000	    0.0000000000	    3.4583256580
122 	    0.0000000000	    0.0000000000	    0.0000000000	    0.0000000000	    0.0000000000	    0.0000000000	    0.0000000000	    0.0000000000	    0.0000000000	    0.0000000000	    0.0000000000	    0.0000000000	    0.0000000000	    0.0000000000	    0.0000000000	    0.0000000000	    0.0000000000	    0.0000000000	    0.0000000000	    0.0000000000	    0.0000000000	    0.0000000000	    0.0000000000	    0.0000000000	    3.4583256580
123 	    0.0000000000	    0.0000000000	    0.0000000000	    0.0000000000	    0.0000000000	    0.0000000000	    0.0000000000	    0.0000000000	    0.0000000000	    0.0000000000	    0.0000000000	    0.0000000000	    0.0000000000	    0.0000000000	    0.0000000000	    0.0000000000	    0.0000000000	    0.0000000000	    0.0000000000	    0.0000000000	    0.0000000000	    0.0000000000	    0.0000000000	    0.0000000000	    3.4583256580
124 	    0.0000000000	    0.0000000000	    0.0000000000	    0.0000000000	    0.0000000000	    0.0000000000	    0.0000000000	    0.0000000000	    0.0000000000	    0.0000000000	    0.0000000000	    0.0000000000	    0.0000000000	    0.0000000000	    0.0000000000	    0.0000000000	    0.0000000000	    0.0000000000	    0.0000000000	    0.0000000000	    0.0000000000	    0.0000000000	    0.0000000000	    0.0000000000	    3.4583256580
125 	    0.0000000000	    0.0000000000	    0.0000000000	    0.0000000000	    0.0000000000	    0.0000000000	    0.0000000000	    0.0000000000	    0.0000000000	    0.0000000000	    0.0000000000	    0.0000000000	    0.0000000000	    0.0000000000	    0.0000000000	    0.0000000000	    0.0000000000	    0.0000000000	    0.0000000000	    0.0000000000	    0.0000000000	    0.0000000000	    0.0000000000	    0.0000000000	    3.4583256580
126 	    0.0000000000	    0.0000000000	    0.0000000000	    0.0000000000	    0.0000000000	    0.0000000000	    0.0000000000	    0.0000000000	    0.0000000000	    0.0000000000	    0.0000000000	    0.0000000000	    0.0000000000	    0.0000000000	    0.0000000000	    0.0000000000	    0.0000000000	    0.0000000000	    0.0000000000	    0.0000000000	    0.0000000000	    0.0000000000	    0.0000000000	    0.0000000000	    3.4583256580
127 	    0.0000000000	    0.0000000000	    0.0000000000	    0.0000000000	    0.0000000000	    0.0000000000	    0.0000000000	    0.0000000000	    0.0000000000	    0.0000000000	    0.0000000000	    0.0000000000	    0.0000000000	    0.0000000000	    0.0000000000	    0.0000000000	    0.0000000000	    0.0000000000	    0.0000000000	    0.0000000000	    0.0000000000	    0.0000000000	    0.0000000000	    0.0000000000	    3.4583256580
128 	    0.0000000000	    0.0000000000	    0.0000000000	    0.0000000000	    0.0000000000	    0.0000000000	    0.0000000000	    0.0000000000	    0.0000000000	    0.0000000000	    0.0000000000	    0.0000000000	    0.0000000000	    0.0000000000	    0.0000000000	    0.0000000000	    0.0000000000	    0.0000000000	    0.0000000000	    0.0000000000	    0.0000000000	    0.0000000000	    0.0000000000	    0.0000000000	    3.4583256580
129 	    0.0000000000	    0.0000000000	    0.0000000000	    0.0000000000	    0.0000000000	    0.0000000000	    0.0000000000	    0.0000000000	    0.0000000000	    0.0000000000	    0.0000000000	    0.0000000000	    0.0000000000	    0.0000000000	    0.0000000000	    0.0000000000	    0.0000000000	    0.0000000000	    0.0000000000	    0.0000000000	    0.0000000000	    0.0000000000	    0.0000000000	    0.0000000000	    3.4583256580
130 	    0.0000000000	    0.0000000000	    0.0000000000	    0.0000000000	    0.0000000000	    0.0000000000	    0.0000000000	    0.0000000000	    0.0000000000	    0.0000000000	    0.0000000000	    0.0000000000	    0.0000000000	    0.0000000000	    0.0000000000	    0.0000000000	    0.0000000000	    0.0000000000	    0.0000000000	    0.0000000000	    0.0000000000	    0.0000000000	    0.0000000000	    0.0000000000	    3.4583256580
131 	    0.0000000000	    0.0000000000	    0.0000000000	    0.0000000000	    0.0000000000	    0.0000000000	    0.0000000000	    0.0000000000	    0.0000000000	    0.0000000000	    0.0000000000	    0.0000000000	    0.0000000000	    0.0000000000	    0.0000000000	    0.0000000000	    0.0000000000	    0.0000000000	    0.0000000000	    0.0000000000	    0.0000000000	    0.0000000000	    0.0000000000	    0.0000000000	    3.4583256580
132 	    0.0000000000	    0.0000000000	    0.0000000000	    0.0000000000	    0.0000000000	    0.0000000000	    0.0000000000	    0.0000000000	    0.0000000000	    0.0000000000	    0.0000000000	    0.0000000000	    0.0000000000	    0.0000000000	    0.0000000000	    0.0000000000	    0.0000000000	    0.0000000000	    0.0000000000	    0.0000000000	    0.0000000000	    0.0000000000	    0.0000000000	    0.0000000000	    3.4583256580
133 	    0.0000000000	    0.0000000000	    0.0000000000	    0.0000000000	    0.0000000000	    0.0000000000	    0.0000000000	    0.0000000000	    0.0000000000	    0.0000000000	    0.0000000000	    0.0000000000	    0.0000000000	    0.0000000000	    0.0000000000	    0.0000000000	    0.0000000000	    0.0000000000	    0.0000000000	    0.0000000000	    0.0000000000	    0.0000000000	    0.0000000000	    0.0000000000	    3.4583256580
134 	    0.0000000000	    0.0000000000	    0.0000000000	    0.0000000000	    0.0000000000	    0.0000000000	    0.0000000000	    0.0000000000	    0.0000000000	    0.0000000000	    0.0000000000	    0.0000000000	    0.0000000000	    0.0000000000	    0.0000000000	    0.0000000000	    0.0000000000	    0.0000000000	    0.0000000000	    0.0000000000	    0.0000000000	    0.0000000000	    0.0000000000	    0.0000000000	    3.4583256580
135 	    0.0000000000	    0.0000000000	    0.0000000000	    0.0000000000	    0.0000000000	    0.0000000000	    0.0000000000	    0.0000000000	    0.0000000000	    0.0000000000	    0.0000000000	    0.0000000000	    0.0000000000	    0.0000000000	    0.0000000000	    0.0000000000	    0.0000000000	    0.0000000000	    0.0000000000	    0.0000000000	    0.0000000000	    0.0000000000	    0.0000000000	    0.0000000000	    3.4583256580
136 	    0.0000000000	    0.0000000000	    0.0000000000	    0.0000000000	    0.0000000000	    0.0000000000	    0.0000000000	    0.0000000000	    0.0000000000	    0.0000000000	    0.0000000000	    0.0000000000	    0.0000000000	    0.0000000000	    0.0000000000	    0.0000000000	    0.0000000000	    0.0000000000	    0.0000000000	    0.0000000000	    0.0000000000	    0.0000000000	    0.0000000000	    0.0000000000	    3.4583256580
137 	    0.0000000000	    0.0000000000	    0.0000000000	    0.0000000000	    0.0000000000	    0.0000000000	    0.0000000000	    0.0000000000	    0.0000000000	    0.0000000000	    0.0000000000	    0.0000000000	    0.0000000000	    0.0000000000	    0.0000000000	    0.0000000000	    0.0000000000	    0.0000000000	    0.0000000000	    0.0000000000	    0.0000000000	    0.0000000000	    0.0000000000	    0.0000000000	    3.4583256580
138 	    0.0000000000	    0.0000000000	    0.0000000000	    0.0000000000	    0.0000000000	    0.0000000000	    0.0000000000	    0.0000000000	    0.0000000000	    0.0000000000	    0.0000000000	    0.0000000000	    0.0000000000	    0.0000000000	    0.0000000000	    0.0000000000	    0.0000000000	    0.0000000000	    0.0000000000	    0.0000000000	    0.0000000000	    0.0000000000	    0.0000000000	    0.0000000000	    3.4583256580
139 	    0.0000000000	    0.0000000000	    0.0000000000	    0.0000000000	    0.0000000000	    0.0000000000	    0.0000000000	    0.0000000000	    0.0000000000	    0.0000000000	    0.0000000000	    0.0000000000	    0.0000000000	    0.0000000000	    0.0000000000	    0.0000000000	    0.0000000000	    0.0000000000	    0.0000000000	    0.0000000000	    0.0000000000	    0.0000000000	    0.0000000000	    0.0000000000	    3.4583256580
140 	    0.0000000000	    0.0000000000	    0.0000000000	    0.0000000000	    0.0000000000	    0.0000000000	    0.0000000000	    0.0000000000	    0.0000000000	    0.0000000000	    0.0000000000	    0.0000000000	    0.0000000000	    0.0000000000	    0.0000000000	    0.0000000000	    0.0000000000	    0.0000000000	    0.0000000000	    0.0000000000	    0.0000000000	    0.0000000000	    0.0000000000	    0.0000000000	    3.4583256580
141 	    0.0000000000	    0.0000000000	    0.0000000000	    0.0000000000	    0.0000000000	    0.0000000000	    0.0000000000	    0.0000000000	    0.0000000000	    0.0000000000	    0.0000000000	    0.0000000000	    0.0000000000	    0.0000000000	    0.0000000000	    0.0000000000	    0.0000000000	    0.0000000000	    0.0000000000	    0.0000000000	    0.0000000000	    0.0000000000	    0.0000000000	    0.0000000000	    3.4583256580
142 	    0.0000000000	    0.0000000000	    0.0000000000	    0.0000000000	    0.0000000000	    0.0000000000	    0.0000000000	    0.0000000000	    0.0000000000	    0.0000000000	    0.0000000000	    0.0000000000	    0.0000000000	    0.0000000000	    0.0000000000	    0.0000000000	    0.0000000000	    0.0000000000	    0.0000000000	    0.0000000000	    0.0000000000	    0.0000000000	    0.0000000000	    0.0000000000	    3.4583256580
143 	    0.0000000000	    0.0000000000	    0.0000000000	    0.0000000000	    0.0000000000	    0.0000000000	    0.0000000000	    0.0000000000	    0.0000000000	    0.0000000000	    0.0000000000	    0.0000000000	    0.0000000000	    0.0000000000	    0.0000000000	    0.0000000000	    0.0000000000	    0.0000000000	    0.0000000000	    0.0000000000	    0.0000000000	    0.0000000000	    0.0000000000	    0.0000000000	    3.4583256580
144 	    0.0000000000	    0.0000000000	    0.0000000000	    0.0000000000	    0.0000000000	    0.0000000000	    0.0000000000	    0.0000000000	    0.0000000000	    0.0000000000	    0.0000000000	    0.0000000000	    0.0000000000	    0.0000000000	    0.0000000000	    0.0000000000	    0.0000000000	    0.0000000000	    0.0000000000	    0.0000000000	    0.0000000000	    0.0000000000	    0.0000000000	    0.0000000000	    3.4583256580
145 	    0.0000000000	    0.0000000000	    0.0000000000	    0.0000000000	    0.0000000000	    0.0000000000	    0.0000000000	    0.0000000000	    0.0000000000	    0.0000000000	    0.0000000000	    0.0000000000	    0.0000000000	    0.0000000000	    0.0000000000	    0.0000000000	    0.0000000000	    0.0000000000	    0.0000000000	    0.0000000000	    0.0000000000	    0.0000000000	    0.0000000000	    0.0000000000	    3.4583256580
146 	    0.0000000000	    0.0000000000	    0.0000000000	    0.0000000000	    0.0000000000	    0.0000000000	    0.0000000000	    0.0000000000	    0.0000000000	    0.0000000000	    0.0000000000	    0.0000000000	    0.0000000000	    0.0000000000	    0.0000000000	    0.0000000000	    0.0000000000	    0.0000000000	    0.0000000000	    0.0000000000	    0.0000000000	    0.0000000000	    0.0000000000	    0.0000000000	    3.4583256580
147 	    0.0000000000	    0.0000000000	    0.0000000000	    0.0000000000	    0.0000000000	    0.0000000000	    0.0000000000	    0.0000000000	    0.0000000000	    0.0000000000	    0.0000000000	    0.0000000000	    0.0000000000	    0.0000000000	    0.0000000000	    0.0000000000	    0.0000000000	    0.0000000000	    0.0000000000	    0.0000000000	    0.0000000000	    0.0000000000	    0.0000000000	    0.0000000000	    3.4583256580
148 	    0.0000000000	    0.0000000000	    0.0000000000	    0.0000000000	    0.0000000000	    0.0000000000	    0.0000000000	    0.0000000000	    0.0000000000	    0.0000000000	    0.0000000000	    0.0000000000	    0.0000000000	    0.0000000000	    0.0000000000	    0.0000000000	    0.0000000000	    0.0000000000	    0.0000000000	    0.0000000000	    0.0000000000	    0.0000000000	    0.0000000000	    0.0000000000	    3.4583256580
149 	    0.0000000000	    0.0000000000	    0.0000000000	    0.0000000000	    0.0000000000	    0.0000000000	    0.0000000000	    0.0000000000	    0.0000000000	    0.0000000000	    0.0000000000	    0.0000000000	    0.0000000000	    0.0000000000	    0.0000000000	    0.0000000000	    0.0000000000	    0.0000000000	    0.0000000000	    0.0000000000	    0.0000000000	    0.0000000000	    0.0000000000	    0.0000000000	    3.4583256580
150 	    0.0000000000	    0.0000000000	    0.0000000000	    0.0000000000	    0.0000000000	    0.0000000000	    0.0000000000	    0.0000000000	    0.0000000000	    0.0000000000	    0.0000000000	    0.0000000000	    0.0000000000	    0.0000000000	    0.0000000000	    0.0000000000	    0.0000000000	    0.0000000000	    0.0000000000	    0.0000000000	    0.0000000000	    0.0000000000	    0.0000000000	    0.0000000000	    3.4583256580
151 	    0.0000000000	    0.0000000000	    0.0000000000	    0.0000000000	    0.0000000000	    0.0000000000	    0.0000000000	    0.0000000000	    0.0000000000	    0.0000000000	    0.0000000000	    0.0000000000	    0.0000000000	    0.0000000000	    0.0000000000	    0.0000000000	    0.0000000000	    0.0000000000	    0.0000000000	    0.0000000000	    0.0000000000	    0.0000000000	    0.0000000000	    0.0000000000	    3.4583256580
152 	    0.0000000000	    0.0000000000	    0.0000000000	    0.0000000000	    0.0000000000	    0.0000000000	    0.0000000000	    0.0000000000	    0.0000000000	    0.0000000000	    0.0000000000	    0.0000000000	    0.0000000000	    0.0000000000	    0.0000000000	    0.0000000000	    0.0000000000	    0.0000000000	    0.0000000000	    0.0000000000	    0.0000000000	    0.0000000000	    0.0000000000	    0.0000000000	    3.4583256580
153 	    0.0000000000	    0.0000000000	    0.0000000000	    0.0000000000	    0.0000000000	    0.0000000000	    0.0000000000	    0.0000000000	    0.0000000000	    0.0000000000	    0.0000000000	    0.0000000000	    0.0000000000	    0.0000000000	    0.0000000000	    0.0000000000	    0.0000000000	    0.0000000000	    0.0000000000	    0.0000000000	    0.0000000000	    0.0000000000	    0.0000000000	    0.0000000000	    3.4583256580
154 	    0.0000000000	    0.0000000000	    0.0000000000	    0.0000000000	    0.0000000000	    0.0000000000	    0.0000000000	    0.0000000000	    0.0000000000	    0.0000000000	    0.0000000000	    0.0000000000	    0.0000000000	    0.0000000000	    0.0000000000	    0.0000000000	    0.0000000000	    0.0000000000	    0.0000000000	    0.0000000000	    0.0000000000	    0.0000000000	    0.0000000000	    0.0000000000	    3.4583256580
155 	    0.0000000000	    0.0000000000	    0.0000000000	    0.0000000000	    0.0000000000	    0.0000000000	    0.0000000000	    0.0000000000	    0.0000000000	    0.0000000000	    0.0000000000	    0.0000000000	    0.0000000000	    0.0000000000	    0.0000000000	    0.0000000000	    0.0000000000	    0.0000000000	    0.0000000000	    0.0000000000	    0.0000000000	    0.0000000000	    0.0000000000	    0.0000000000	    3.4583256580
156 	    0.0000000000	    0.0000000000	    0.0000000000	    0.0000000000	    0.0000000000	    0.0000000000	    0.0000000000	    0.0000000000	    0.0000000000	    0.0000000000	    0.0000000000	    0.0000000000	    0.0000000000	    0.0000000000	    0.0000000000	    0.0000000000	    0.0000000000	    0.0000000000	    0.0000000000	    0.0000000000	    0.0000000000	    0.0000000000	    0.0000000000	    0.0000000000	    3.4583256580
157 	    0.0000000000	    0.0000000000	    0.0000000000	    0.0000000000	    0.0000000000	    0.0000000000	    0.0000000000	    0.0000000000	    0.0000000000	    0.0000000000	    0.0000000000	    0.0000000000	    0.0000000000	    0.0000000000	    0.0000000000	    0.0000000000	    0.0000000000	    0.0000000000	    0.0000000000	    0.0000000000	    0.0000000000	    0.0000000000	    0.0000000000	    0.0000000000	    3.4583256580
158 	    0.0000000000	    0.0000000000	    0.0000000000	    0.0000000000	    0.0000000000	    0.0000000000	    0.0000000000	    0.0000000000	    0.0000000000	    0.0000000000	    0.0000000000	    0.0000000000	    0.0000000000	    0.0000000000	    0.0000000000	    0.0000000000	    0.0000000000	    0.0000000000	    0.0000000000	    0.0000000000	    0.0000000000	    0.0000000000	    0.0000000000	    0.0000000000	    3.4583256580
159 	    0.0000000000	    0.0000000000	    0.0000000000	    0.0000000000	    0.0000000000	    0.0000000000	    0.0000000000	    0.0000000000	    0.0000000000	    0.0000000000	    0.0000000000	    0.0000000000	    0.0000000000	    0.0000000000	    0.0000000000	    0.0000000000	    0.0000000000	    0.0000000000	    0.0000000000	    0.0000000000	    0.0000000000	    0.0000000000	    0.0000000000	    0.0000000000	    3.4583256580
160 	    0.0000000000	    0.0000000000	    0.0000000000	    0.0000000000	    0.0000000000	    0.0000000000	    0.0000000000	    0.0000000000	    0.0000000000	    0.0000000000	    0.0000000000	    0.0000000000	    0.0000000000	    0.0000000000	    0.0000000000	    0.0000000000	    0.0000000000	    0.0000000000	    0.0000000000	    0.0000000000	    0.0000000000	    0.0000000000	    0.0000000000	    0.0000000000	    3.4583256580
161 	    0.0000000000	    0.0000000000	    0.0000000000	    0.0000000000	    0.0000000000	    0.0000000000	    0.0000000000	    0.0000000000	    0.0000000000	    0.0000000000	    0.0000000000	    0.0000000000	    0.0000000000	    0.0000000000	    0.0000000000	    0.0000000000	    0.0000000000	    0.0000000000	    0.0000000000	    0.0000000000	    0.0000000000	    0.0000000000	    0.0000000000	    0.0000000000	    3.4583256580
162 	    0.0000000000	    0.0000000000	    0.0000000000	    0.0000000000	    0.0000000000	    0.0000000000	    0.0000000000	    0.0000000000	    0.0000000000	    0.0000000000	    0.0000000000	    0.0000000000	    0.0000000000	    0.0000000000	    0.0000000000	    0.0000000000	    0.0000000000	    0.0000000000	    0.0000000000	    0.0000000000	    0.0000000000	    0.0000000000	    0.0000000000	    0.0000000000	    3.4583256580
163 	    0.0000000000	    0.0000000000	    0.0000000000	    0.0000000000	    0.0000000000	    0.0000000000	    0.0000000000	    0.0000000000	    0.0000000000	    0.0000000000	    0.0000000000	    0.0000000000	    0.0000000000	    0.0000000000	    0.0000000000	    0.0000000000	    0.0000000000	    0.0000000000	    0.0000000000	    0.0000000000	    0.0000000000	    0.0000000000	    0.0000000000	    0.0000000000	    3.4583256580
164 	    0.0000000000	    0.0000000000	    0.0000000000	    0.0000000000	    0.0000000000	    0.0000000000	    0.0000000000	    0.0000000000	    0.0000000000	    0.0000000000	    0.0000000000	    0.0000000000	    0.0000000000	    0.0000000000	    0.0000000000	    0.0000000000	    0.0000000000	    0.0000000000	    0.0000000000	    0.0000000000	    0.0000000000	    0.0000000000	    0.0000000000	    0.0000000000	    3.4583256580
165 	    0.0000000000	    0.0000000000	    0.0000000000	    0.0000000000	    0.0000000000	    0.0000000000	    0.0000000000	    0.0000000000	    0.0000000000	    0.0000000000	    0.0000000000	    0.0000000000	    0.0000000000	    0.0000000000	    0.0000000000	    0.0000000000	    0.0000000000	    0.0000000000	    0.0000000000	    0.0000000000	    0.0000000000	    0.0000000000	    0.0000000000	    0.0000000000	    3.4583256580
166 	    0.0000000000	    0.0000000000	    0.0000000000	    0.0000000000	    0.0000000000	    0.0000000000	    0.0000000000	    0.0000000000	    0.0000000000	    0.0000000000	    0.0000000000	    0.0000000000	    0.0000000000	    0.0000000000	    0.0000000000	    0.0000000000	    0.0000000000	    0.0000000000	    0.0000000000	    0.0000000000	    0.0000000000	    0.0000000000	    0.0000000000	    0.0000000000	    3.4583256580
167 	    0.0000000000	    0.0000000000	    0.0000000000	    0.0000000000	    0.0000000000	    0.0000000000	    0.0000000000	    0.0000000000	    0.0000000000	    0.0000000000	    0.0000000000	    0.0000000000	    0.0000000000	    0.0000000000	    0.0000000000	    0.0000000000	    0.0000000000	    0.0000000000	    0.0000000000	    0.0000000000	    0.0000000000	    0.0000000000	    0.0000000000	    0.0000000000	    3.4583256580
168 	    0.0000000000	    0.0000000000	    0.0000000000	    0.0000000000	    0.0000000000	    0.0000000000	    0.0000000000	    0.0000000000	    0.0000000000	    0.0000000000	    0.0000000000	    0.0000000000	    0.0000000000	    0.0000000000	    0.0000000000	    0.0000000000	    0.0000000000	    0.0000000000	    0.0000000000	    0.0000000000	    0.0000000000	    0.0000000000	    0.0000000000	    0.0000000000	    3.4583256580
169 	    0.0000000000	    0.0000000000	    0.0000000000	    0.0000000000	    0.0000000000	    0.0000000000	    0.0000000000	    0.0000000000	    0.0000000000	    0.0000000000	    0.0000000000	    0.0000000000	    0.0000000000	    0.0000000000	    0.0000000000	    0.0000000000	    0.0000000000	    0.0000000000	    0.0000000000	    0.0000000000	    0.0000000000	    0.0000000000	    0.0000000000	    0.0000000000	    3.4583256580
170 	    0.0000000000	    0.0000000000	    0.0000000000	    0.0000000000	    0.0000000000	    0.0000000000	    0.0000000000	    0.0000000000	    0.0000000000	    0.0000000000	    0.0000000000	    0.0000000000	    0.0000000000	    0.0000000000	    0.0000000000	    0.0000000000	    0.0000000000	    0.0000000000	    0.0000000000	    0.0000000000	    0.0000000000	    0.0000000000	    0.0000000000	    0.0000000000	    3.4583256580
171 	    0.0000000000	    0.0000000000	    0.0000000000	    0.0000000000	    0.0000000000	    0.0000000000	    0.0000000000	    0.0000000000	    0.0000000000	    0.0000000000	    0.0000000000	    0.0000000000	    0.0000000000	    0.0000000000	    0.0000000000	    0.0000000000	    0.0000000000	    0.0000000000	    0.0000000000	    0.0000000000	    0.0000000000	    0.0000000000	    0.0000000000	    0.0000000000	    3.4583256580
172 	    0.0000000000	    0.0000000000	    0.0000000000	    0.0000000000	    0.0000000000	    0.0000000000	    0.0000000000	    0.0000000000	    0.0000000000	    0.0000000000	    0.0000000000	    0.0000000000	    0.0000000000	    0.0000000000	    0.0000000000	    0.0000000000	    0.0000000000	    0.0000000000	    0.0000000000	    0.0000000000	    0.0000000000	    0.0000000000	    0.0000000000	    0.0000000000	    3.4583256580
173 	    0.0000000000	    0.0000000000	    0.0000000000	    0.0000000000	    0.0000000000	    0.0000000000	    0.0000000000	    0.0000000000	    0.0000000000	    0.0000000000	    0.0000000000	    0.0000000000	    0.0000000000	    0.0000000000	    0.0000000000	    0.0000000000	    0.0000000000	    0.0000000000	    0.0000000000	    0.0000000000	    0.0000000000	    0.0000000000	    0.0000000000	    0.0000000000	    3.4583256580
174 	    0.0000000000	    0.0000000000	    0.0000000000	    0.0000000000	    0.0000000000	    0.0000000000	    0.0000000000	    0.0000000000	    0.0000000000	    0.0000000000	    0.0000000000	    0.0000000000	    0.0000000000	    0.0000000000	    0.0000000000	    0.0000000000	    0.0000000000	    0.0000000000	    0.0000000000	    0.0000000000	    0.0000000000	    0.0000000000	    0.0000000000	    0.0000000000	    3.4583256580
175 	    0.0000000000	    0.0000000000	    0.0000000000	    0.0000000000	    0.0000000000	    0.0000000000	    0.0000000000	    0.0000000000	    0.0000000000	    0.0000000000	    0.0000000000	    0.0000000000	    0.0000000000	    0.0000000000	    0.0000000000	    0.0000000000	    0.0000000000	    0.0000000000	    0.0000000000	    0.0000000000	    0.0000000000	    0.0000000000	    0.0000000000	    0.0000000000	    3.4583256580
176 	    0.0000000000	    0.0000000000	    0.0000000000	    0.0000000000	    0.0000000000	    0.0000000000	    0.0000000000	    0.0000000000	    0.0000000000	    0.0000000000	    0.0000000000	    0.0000000000	    0.0000000000	    0.0000000000	    0.0000000000	    0.0000000000	    0.0000000000	    0.0000000000	    0.0000000000	    0.0000000000	    0.0000000000	    0.0000000000	    0.0000000000	    0.0000000000	    3.4583256580
177 	    0.0000000000	    0.0000000000	    0.0000000000	    0.0000000000	    0.0000000000	    0.0000000000	    0.0000000000	    0.0000000000	    0.0000000000	    0.0000000000	    0.0000000000	    0.0000000000	    0.0000000000	    0.0000000000	    0.0000000000	    0.0000000000	    0.0000000000	    0.0000000000	    0.0000000000	    0.0000000000	    0.0000000000	    0.0000000000	    0.0000000000	    0.0000000000	    3.4583256580
178 	    0.0000000000	    0.0000000000	    0.0000000000	    0.0000000000	    0.0000000000	    0.0000000000	    0.0000000000	    0.0000000000	    0.0000000000	    0.0000000000	    0.0000000000	    0.0000000000	    0.0000000000	    0.0000000000	    0.0000000000	    0.0000000000	    0.0000000000	    0.0000000000	    0.0000000000	    0.0000000000	    0.0000000000	    0.0000000000	    0.0000000000	    0.0000000000	    3.4583256580
179 	    0.0000000000	    0.0000000000	    0.0000000000	    0.0000000000	    0.0000000000	    0.0000000000	    0.0000000000	    0.0000000000	    0.0000000000	    0.0000000000	    0.0000000000	    0.0000000000	    0.0000000000	    0.0000000000	    0.0000000000	    0.0000000000	    0.0000000000	    0.0000000000	    0.0000000000	    0.0000000000	    0.0000000000	    0.0000000000	    0.0000000000	    0.0000000000	    3.4583256580
180 	    0.0000000000	    0.0000000000	    0.0000000000	    0.0000000000	    0.0000000000	    0.0000000000	    0.0000000000	    0.0000000000	    0.0000000000	    0.0000000000	    0.0000000000	    0.0000000000	    0.0000000000	    0.0000000000	    0.0000000000	    0.0000000000	    0.0000000000	    0.0000000000	    0.0000000000	    0.0000000000	    0.0000000000	    0.0000000000	    0.0000000000	    0.0000000000	    3.4583256580
181 	    0.0000000000	    0.0000000000	    0.0000000000	    0.0000000000	    0.0000000000	    0.0000000000	    0.0000000000	    0.0000000000	    0.0000000000	    0.0000000000	    0.0000000000	    0.0000000000	    0.0000000000	    0.0000000000	    0.0000000000	    0.0000000000	    0.0000000000	    0.0000000000	    0.0000000000	    0.0000000000	    0.0000000000	    0.0000000000	    0.0000000000	    0.0000000000	    3.4583256580
182 	    0.0000000000	    0.0000000000	    0.0000000000	    0.0000000000	    0.0000000000	    0.0000000000	    0.0000000000	    0.0000000000	    0.0000000000	    0.0000000000	    0.0000000000	    0.0000000000	    0.0000000000	    0.0000000000	    0.0000000000	    0.0000000000	    0.0000000000	    0.0000000000	    0.0000000000	    0.0000000000	    0.0000000000	    0.0000000000	    0.0000000000	    0.0000000000	    3.4583256580
183 	    0.0000000000	    0.0000000000	    0.0000000000	    0.0000000000	    0.0000000000	    0.0000000000	    0.0000000000	    0.0000000000	    0.0000000000	    0.0000000000	    0.0000000000	    0.0000000000	    0.0000000000	    0.0000000000	    0.0000000000	    0.0000000000	    0.0000000000	    0.0000000000	    0.0000000000	    0.0000000000	    0.0000000000	    0.0000000000	    0.0000000000	    0.0000000000	    3.4583256580
184 	    0.0000000000	    0.0000000000	    0.0000000000	    0.0000000000	    0.0000000000	    0.0000000000	    0.0000000000	    0.0000000000	    0.0000000000	    0.0000000000	    0.0000000000	    0.0000000000	    0.0000000000	    0.0000000000	    0.0000000000	    0.0000000000	    0.0000000000	    0.0000000000	    0.0000000000	    0.0000000000	    0.0000000000	    0.0000000000	    0.0000000000	    0.0000000000	    3.4583256580
185 	    0.0000000000	    0.0000000000	    0.0000000000	    0.0000000000	    0.0000000000	    0.0000000000	    0.0000000000	    0.0000000000	    0.0000000000	    0.0000000000	    0.0000000000	    0.0000000000	    0.0000000000	    0.0000000000	    0.0000000000	    0.0000000000	    0.0000000000	    0.0000000000	    0.0000000000	    0.0000000000	    0.0000000000	    0.0000000000	    0.0000000000	    0.0000000000	    3.4583256580
186 	    0.0000000000	    0.0000000000	    0.0000000000	    0.0000000000	    0.0000000000	    0.0000000000	    0.0000000000	    0.0000000000	    0.0000000000	    0.0000000000	    0.0000000000	    0.0000000000	    0.0000000000	    0.0000000000	    0.0000000000	    0.0000000000	    0.0000000000	    0.0000000000	    0.0000000000	    0.0000000000	    0.0000000000	    0.0000000000	    0.0000000000	    0.0000000000	    3.4583256580
187 	    0.0000000000	    0.0000000000	    0.0000000000	    0.0000000000	    0.0000000000	    0.0000000000	    0.0000000000	    0.0000000000	    0.0000000000	    0.0000000000	    0.0000000000	    0.0000000000	    0.0000000000	    0.0000000000	    0.0000000000	    0.0000000000	    0.0000000000	    0.0000000000	    0.0000000000	    0.0000000000	    0.0000000000	    0.0000000000	    0.0000000000	    0.0000000000	    3.4583256580
188 	    0.0000000000	    0.0000000000	    0.0000000000	    0.0000000000	    0.0000000000	    0.0000000000	    0.0000000000	    0.0000000000	    0.0000000000	    0.0000000000	    0.0000000000	    0.0000000000	    0.0000000000	    0.0000000000	    0.0000000000	    0.0000000000	    0.0000000000	    0.0000000000	    0.0000000000	    0.0000000000	    0.0000000000	    0.0000000000	    0.0000000000	    0.0000000000	    3.4583256580
189 	    0.0000000000	    0.0000000000	    0.0000000000	    0.0000000000	    0.0000000000	    0.0000000000	    0.0000000000	    0.0000000000	    0.0000000000	    0.0000000000	    0.0000000000	    0.0000000000	    0.0000000000	    0.0000000000	    0.0000000000	    0.0000000000	    0.0000000000	    0.0000000000	    0.0000000000	    0.0000000000	    0.0000000000	    0.0000000000	    0.0000000000	    0.0000000000	    3.4583256580
190 	    0.0000000000	    0.0000000000	    0.0000000000	    0.0000000000	    0.0000000000	    0.0000000000	    0.0000000000	    0.0000000000	    0.0000000000	    0.0000000000	    0.0000000000	    0.0000000000	    0.0000000000	    0.0000000000	    0.0000000000	    0.0000000000	    0.0000000000	    0.0000000000	    0.0000000000	    0.0000000000	    0.0000000000	    0.0000000000	    0.0000000000	    0.0000000000	    3.4583256580
191 	    0.0000000000	    0.0000000000	    0.0000000000	    0.0000000000	    0.0000000000	    0.0000000000	    0.0000000000	    0.0000000000	    0.0000000000	    0.0000000000	    0.0000000000	    0.0000000000	    0.0000000000	    0.0000000000	    0.0000000000	    0.0000000000	    0.0000000000	    0.0000000000	    0.0000000000	    0.0000000000	    0.0000000000	    0.0000000000	    0.0000000000	    0.0000000000	    3.4583256580
192 	    0.0000000000	    0.0000000000	    0.0000000000	    0.0000000000	    0.0000000000	    0.0000000000	    0.0000000000	    0.0000000000	    0.0000000000	    0.0000000000	    0.0000000000	    0.0000000000	    0.0000000000	    0.0000000000	    0.0000000000	    0.0000000000	    0.0000000000	    0.0000000000	    0.0000000000	    0.0000000000	    0.0000000000	    0.0000000000	    0.0000000000	    0.0000000000	    3.4583256580
193 	    0.0000000000	    0.0000000000	    0.0000000000	    0.0000000000	    0.0000000000	    0.0000000000	    0.0000000000	    0.0000000000	    0.0000000000	    0.0000000000	    0.0000000000	    0.0000000000	    0.0000000000	    0.0000000000	    0.0000000000	    0.0000000000	    0.0000000000	    0.0000000000	    0.0000000000	    0.0000000000	    0.0000000000	    0.0000000000	    0.0000000000	    0.0000000000	    3.4583256580
194 	    0.0000000000	    0.0000000000	    0.0000000000	    0.0000000000	    0.0000000000	    0.0000000000	    0.0000000000	    0.0000000000	    0.0000000000	    0.0000000000	    0.0000000000	    0.0000000000	    0.0000000000	    0.0000000000	    0.0000000000	    0.0000000000	    0.0000000000	    0.0000000000	    0.0000000000	    0.0000000000	    0.0000000000	    0.0000000000	    0.0000000000	    0.0000000000	    3.4583256580
195 	    0.0000000000	    0.0000000000	    0.0000000000	    0.0000000000	    0.0000000000	    0.0000000000	    0.0000000000	    0.0000000000	    0.0000000000	    0.0000000000	    0.0000000000	    0.0000000000	    0.0000000000	    0.0000000000	    0.0000000000	    0.0000000000	    0.0000000000	    0.0000000000	    0.0000000000	    0.0000000000	    0.0000000000	    0.0000000000	    0.0000000000	    0.0000000000	    3.4583256580
196 	    0.0000000000	    0.0000000000	    0.0000000000	    0.0000000000	    0.0000000000	    0.0000000000	    0.0000000000	    0.0000000000	    0.0000000000	    0.0000000000	    0.0000000000	    0.0000000000	    0.0000000000	    0.0000000000	    0.0000000000	    0.0000000000	    0.0000000000	    0.0000000000	    0.0000000000	    0.0000000000	    0.0000000000	    0.0000000000	    0.0000000000	    0.0000000000	    3.4583256580
197 	    0.0000000000	    0.0000000000	    0.0000000000	    0.0000000000	    0.0000000000	    0.0000000000	    0.0000000000	    0.0000000000	    0.0000000000	    0.0000000000	    0.0000000000	    0.0000000000	    0.0000000000	    0.0000000000	    0.0000000000	    0.0000000000	    0.0000000000	    0.0000000000	    0.0000000000	    0.0000000000	    0.0000000000	    0.0000000000	    0.0000000000	    0.0000000000	    3.4583256580
198 	    0.0000000000	    0.0000000000	    0.0000000000	    0.0000000000	    0.0000000000	    0.0000000000	    0.0000000000	    0.0000000000	    0.0000000000	    0.0000000000	    0.0000000000	    0.0000000000	    0.0000000000	    0.0000000000	    0.0000000000	    0.0000000000	    0.0000000000	    0.0000000000	    0.0000000000	    0.0000000000	    0.0000000000	    0.0000000000	    0.0000000000	    0.0000000000	    3.4583256580
199 	    0.0000000000	    0.0000000000	    0.0000000000	    0.0000000000	    0.0000000000	    0.0000000000	    0.0000000000	    0.0000000000	    0.0000000000	    0.0000000000	    0.0000000000	    0.0000000000	    0.0000000000	    0.0000000000	    0.0000000000	    0.0000000000	    0.0000000000	    0.0000000000	    0.0000000000	    0.0000000000	    0.0000000000	    0.0000000000	    0.0000000000	    0.0000000000	    3.4583256580
200 	    0.0000000000	    0.0000000000	    0.0000000000	    0.0000000000	    0.0000000000	    0.0000000000	    0.0000000000	    0.0000000000	    0.0000000000	    0.0000000000	    0.0000000000	    0.0000000000	    0.0000000000	    0.0000000000	    0.0000000000	    0.0000000000	    0.0000000000	    0.0000000000	    0.0000000000	    0.0000000000	    0.0000000000	    0.0000000000	    0.0000000000	    0.0000000000	    3.4581824512
